#/Library/Python/2.7/site-packages/ipykernel/__main__.py -f /Users/joshamilton/Library/Jupyter/runtime/kernel-26030804-2a20-4396-87f8-13d6e8f14be9.json
# GMT Sun May 15 17:41:21 2016
# 
0
1
2
3
4
5
6
7
8
9
10
11
12 11
13
14
15
16
17
18
19
20
21
22
23
24
25
26
27
28
29
30
31
32
33
34
35
36
37
38 37
39
40
41
42
43
44
45
46
47
48
49
50
51
52
53
54 0 1 2 3 4 5 6 7 8 9 10 11 12 13 14 15 16 17 18 19 20 21 22 23 24 25 26 27 28 29 30 31 32 33 34 35 36 38 39 40 41 42 43 44 45 46 47 48 49 50 51 52 53
55 54
56 54
57 54
58 57 54
59 13 54
60 54
61 54
62 48 54
63 54
64 54
65 51 54
66 43 54
67 54
68 13 54
69 54
70 54
71 54
72 54
73 54
74 54
75 16 54
76 54
77 54
78
79 54
80 44 54
81 54
82 54 46 47
83 54
84 78 54
85 54
86 54
87 1 54
88 54
89 54
90 57 42 54
91 54
92 54
93 54
94 49 54
95 54
96 54
97 54
98 54
99 54
100 52 54
101 54
102 54
103 54
104 54
105 54
106 54
107 93 54
108 54
109 54
110 54
111 54
112 54
113 22 54
114 54 38
115 54
116 54
117 54
118 54
119 53 54
120 54
121 54
122 54
123 28 54
124 54
125 50 54
126 54
127 54
128 54
129 54
130 54
131 54
132 54
133 54
134 54
135 54
136 54
137 8 54 39
138 33 54
139 54
140 30 54
141 54
142 54
143 54
144 32 54
145 54
146 54
147 54
148 54
149 54
