#/Library/Python/2.7/site-packages/ipykernel/__main__.py -f /Users/joshamilton/Library/Jupyter/runtime/kernel-d2ab50d1-632e-442f-a3f0-7a049be4bc22.json
# GMT Fri May 13 20:46:36 2016
# 
0
1
2
3
4
5
6
7
8
9
10
11
12
13
14
15
16
17
18
19
20
21 19
22 21
23
24
25
26 25
27 26
28
29
30 0 1 2 3 4 5 6 7 8 9 10 11 12 13 14 15 16 17 18 19 20 22 23 24 27 28 29
31 30
32 30
33 30
34 30
35
36 30
37 30
38 37
39 30
40 35 30
41 40 30
42 30
43 9
44 30
45 44
46 28 30
47
48 30 47
49 24
50 30
51 30
52
53 30
54
55 54
56 23 55
57 33
58 30
59 27
60 30 47
61 36
62 25 52
63 30 47
64 30 47
65 30 47
66 39
67 30
68 30 47
69 30
70 30 47
71 30
72 31
73 30 47
74 30
75 30
76 30
77 12
78 28 30 6
79
80 30 79
81 30 47
82 30
83 24
84 30 47
85 30
86 8
87 30
88 87
89 30 47
90 30 47
91 30
92 26
93 30
94 50
95 30
96 30
97 30
98 97
99 15
100 30
101 30
102 30
103 30 47
104 13
105 30 47
