#/Library/Python/2.7/site-packages/ipykernel/__main__.py -f /Users/joshamilton/Library/Jupyter/runtime/kernel-26030804-2a20-4396-87f8-13d6e8f14be9.json
# GMT Sun May 15 17:41:20 2016
# 
0
1
2
3
4
5
6
7
8
9
10
11
12
13
14
15
16
17
18
19
20
21
22
23
24
25
26
27
28
29
30
31
32
33
34
35
36
37
38
39
40
41
42
43
44
45
46
47
48
49
50
51 1 2 3 4 5 6 7 8 9 10 11 12 13 14 15 16 17 18 19 20 21 22 23 24 25 26 27 28 29 30 31 32 33 34 35 36 37 38 39 40 41 42 43 44 45 46 47 48 49 50
52 0 51
53
54 51 53
55
56 51 55
57 51
58 57 51
59
60 59 51
61 9 51
62 50 51
63
64
65 64 63
66 43 51
67
68
69 51
70 51 44
71 51
72 48 51
73 9 51
74
75 74 51
76 51
77
78 51 77
79 40 51 23
80
81 80 64
82 64 26 51
83 51 39
84 51 45
85 0 64
86 51 5
87
88 51
89 41 51 46
90 51
91 51 22
92
93 64 92
94 57 51 36
95 51
96 51
97 51
98 51 31
99 43 51
100 64 87
101 0 64 51
102 51
103 51 77
104 42 51
105 51 5
106 51 28
107 97 51
108 80 64
109 51 55
110 43 51
111 67 51
112 67 51
113 64 26
114 27 51
115 25 51 38
116 64 87
117 64 51 68
118 51
119 64 63
120 51 68
121 51
122 74 51
123 51 47
124 51
125 51 53
126 59 51
127 51
128 51
129 18 51
130 51 4 5
131 51 30
132 51
133 64 92
134 64 68
135 49 51
