#/Library/Python/2.7/site-packages/ipykernel/__main__.py -f /Users/joshamilton/Library/Jupyter/runtime/kernel-eded5738-04c6-4b04-b3d3-2ef89fb8ab28.json
# GMT Thu May 26 20:11:23 2016
# 
0
1
2
3
4
5
6
7
8
9
10
11
12
13
14
15
16
17
18
19
20
21
22
23
24
25
26
27
28
29
30
31
32
33
34
35
36
37
38
39
40 39
41
42
43
44
45
46
47
48
49
50
51
52
53
54
55 0 1 2 3 4 5 6 7 8 9 10 11 12 13 14 15 16 17 18 19 20 21 22 23 24 25 26 27 28 29 30 31 32 33 34 35 36 37 38 40 41 42 43 44 45 46 47 48 49 50 51 52 53 54
56 44 55
57 55
58
59 55
60
61 55
62 55
63 55
64 55
65 55
66 58 55
67 55
68 55
69 55
70 27 55
71 55
72 55
73 55
74 55
75 55
76 55
77 55
78 55
79 55
80 42 55
81 55
82 55
83 55
84 48 55
85 60 55
86 55
87 8 55
88 87 55
89 55
90 55
91 53 55
92 38 55
93 55
94 55
95 55
96 54 55
97 55
98 55
99 55
100 55
101 55
102 55
103 39 55
104 55
105 55
106 55
107 95 55
108 55
109 55
110 55
111 51 55
112 55
113 55
114 55
115 49 55
116 43 55
117 55
118 55
119 55
120 55
121 55
122 55
123 41 55
124 23 55
125 55
126 31 55
127 37 55
128 55
129 55
130 55
131 55
132 55
133 55
134 55
135 55
136 55
137 7 55
138 55
139 55
140 55
141 55
142 55
143 55
144 55
145 55
146 55
147 55
148 55
149 55
150 55
151 55
152 55
153 18 55
154 55
155 50 55
156 45 55
