#/Library/Python/2.7/site-packages/ipykernel/__main__.py -f /Users/joshamilton/Library/Jupyter/runtime/kernel-d2ab50d1-632e-442f-a3f0-7a049be4bc22.json
# GMT Fri May 13 20:46:36 2016
# 
0
1
2
3
4
5
6
7
8
9 8
10 9
11
12 11
13
14
15
16
17
18
19
20 19
21
22
23
24
25
26
27
28
29
30
31
32
33
34
35
36 1 2 3 4 5 6 7 9 10 12 13 14 15 16 17 18 20 21 22 23 24 25 26 27 28 29 30 31 32 33 34 35
37 0 36
38 36
39 28
40 36
41
42
43 42 36 29
44
45
46 8 45
47
48 36 47
49 36
50 36
51
52 51 36
53 23
54
55 36 53 54
56 1
57 33
58
59 41 36
60 36
61 22
62 36
63 18
64 58
65 64 21
66 22
67 36
68 36 44
69 34
70
71 42 36 29
72 59 36
73 32
74 36
75 36
76 36
77 36
78 36
79 36 70
80 42 36 29
81 15
82 18
83 36
84 36
