#/Library/Python/2.7/site-packages/ipykernel/__main__.py -f /Users/joshamilton/Library/Jupyter/runtime/kernel-d2ab50d1-632e-442f-a3f0-7a049be4bc22.json
# GMT Fri May 13 20:46:34 2016
# 
0
1
2
3
4
5
6
7
8
9
10
11
12
13
14
15
16
17
18
19
20
21
22
23
24
25
26
27
28
29
30
31
32 31
33
34
35
36 35
37 36
38
39
40
41
42
43
44
45
46
47
48
49
50
51
52
53
54
55
56
57
58
59
60
61
62
63
64
65
66 64 65
67
68 67
69 68
70 69
71 70
72 66 71
73
74
75
76
77
78
79
80
81 0 1 2 3 4 5 6 7 8 9 10 11 12 13 14 15 16 17 18 19 20 21 22 23 24 25 26 27 28 29 30 32 33 34 36 37 38 39 40 41 42 43 44 45 46 47 48 49 50 51 52 53 54 55 56 57 58 59 60 61 62 63 72 73 74 75 76 77 78 79 80
82 81
83
84 81 83 44
85 81
86
87 81
88 87
89 81 17
90 81
91 81
92 81 22
93 81 13
94
95 45 94
96 81 30
97 81
98
99 81 98
100 81
101 81
102 81
103 28
104 81
105 81
106 25 81
107 81
108 81 11
109 40 81
110 8 81
111 89
112 81
113 92
114 24 81
115 114
116
117 35 116
118 81 19
119 118
120
121 120 81
122 81
123 81 27
124 81
125 93
126 81
127
128 81
129
130 81 78
131 81 15
132
133 81 132 86
134
135 81
136 58
137 110
138 59
139 81 129
140 81
141
142 32
143 81
144 81 7
145 81 141
146 67 68 69 70 71 72 81 87
147
148 81
149
150 81 147 149
151 150
152 81
153 81 134
154
155 81
156 81 154
157 81 4
158 157
159 81 78
160 31 127
161 81 3
162 76
163 81
164 81
165 81
166 61
167 81 151
168 81 20
169 120 81
170 1
171 83
172 81
173
174 81 173
175 57
176 81 26
177 176
178 60
179 144
180 81 21
181 41
182 81
183 81 134
184 81 63
185 81 74
186 9 81
187 73 81
188 168
189 81 98
190 81 141 14
191 190
192 80
193 161
194 152 81
195 186
196 81 62
197 131
198 81
199 79
200 77
201 81
202 180
203 81 29
204 108
205 81
206 51
207 81 29
208 75
209 106
210 81 74
211 81
