#/Library/Python/2.7/site-packages/ipykernel/__main__.py -f /Users/joshamilton/Library/Jupyter/runtime/kernel-26030804-2a20-4396-87f8-13d6e8f14be9.json
# GMT Sun May 15 17:41:22 2016
# 
0
1
2
3
4
5
6
7
8
9
10
11
12
13
14
15
16
17
18
19
20
21
22
23
24
25
26
27
28
29
30
31
32
33
34
35
36
37
38
39
40
41
42 0 1 2 3 4 5 6 7 8 9 10 11 12 13 14 15 16 17 18 19 20 21 22 23 24 25 26 27 28 29 30 31 32 33 34 35 36 37 38 39 40 41
43 42
44 42
45 42
46 16 42
47 42
48 42
49 42
50 42
51 42 22
52 42
53 42
54 42
55 42
56 1 42
57 42
58 42
59 42
60 42
61 42
62 42
63 42
64 42
65 42
66 42
67 42
68 32 42
69 42
70 42 28
71 42
72 42
73 42
74 42
75 42
76
77 42 76
78 42
79 42
80 42
81 42 35
82 42
83 42
84 34 42
85 42
86 42
87 42 26
88 42 75
89 41 42
90 42 30
91 42
92 42
93 42
94 42 39
95 42
96 42
97 42 20
98 42
99 42
100 40 42
101 42 38
102 42
103 42
104 42
105 42
106 42
107 42
108 42 21
109 42
110 42
111 42 29 5
112 42 15
113 2 42
114 42
115 33 42
116 36 37
117 42
118 42 2
119 18 42
120 1 42
121 42
122 42
123 42 27
124 42
125 42
