#/Library/Python/2.7/site-packages/ipykernel/__main__.py -f /Users/joshamilton/Library/Jupyter/runtime/kernel-eded5738-04c6-4b04-b3d3-2ef89fb8ab28.json
# GMT Thu May 26 21:02:10 2016
# 
0
1
2
3
4
5
6
7
8
9
10
11
12
13
14
15
16
17
18
19
20
21
22
23
24
25
26
27
28
29
30
31
32
33
34
35
36
37
38
39
40
41
42
43
44
45
46
47
48
49
50
51 0 1 2 3 4 5 6 7 8 9 10 11 12 13 14 15 16 17 18 19 20 21 22 23 24 25 26 27 28 29 30 31 32 33 34 35 36 37 38 39 40 41 42 43 44 45 46 47 48 49 50
52 48 51
53 8 51 12
54 51
55
56 51
57 51 43
58 51
59 51 27
60 43 51
61 51
62 51 14 15
63 42 51
64 43 51
65 51
66 51 55
67 51 29
68 43 51
69 51 14 15
70 51 38
71 51
72 43 51
73 51
74 51
75 51
76 43 51
77 51
78 43 51
79 51
80 51 28
81 51
82 41 51
83 49 51
84 51 15
85 51
86 50 51 46
87 51
88 43 51
89 51
90 43 51
91 43 51
92 51 43
93 51
94 51
95 51 47
96 51 43
97
98 51
99 97 51
100 43 51
101 51
102 51
103 19 51
104 51
105 51
106 51 94
107 0 51
108 51
109 43 51
110 43 51
111 51
112 51
113 32 51
114 43 51
115 51 37
116 43 51
117 51
118 51 23
119 51 45
120 43 51
121 51
122 51 44
123 51 31
124 51
125 51
126 51
127 33 51
128 24 51
129 51
130 51 39
131 51 43
132 51
133 51 43
