#/Library/Python/2.7/site-packages/ipykernel/__main__.py -f /Users/joshamilton/Library/Jupyter/runtime/kernel-eded5738-04c6-4b04-b3d3-2ef89fb8ab28.json
# GMT Thu May 26 20:13:18 2016
# 
0
1
2
3
4
5
6
7
8
9
10
11
12
13
14
15
16
17
18
19
20
21
22
23
24
25
26
27 25 26
28
29
30
31
32
33
34 33 26
35
36
37
38
39
40
41
42
43
44
45
46
47
48
49
50
51
52
53
54
55
56 0 1 2 3 4 5 6 7 8 9 10 11 12 13 14 15 16 17 18 19 20 21 22 23 24 25 26 27 28 29 30 31 32 33 34 35 36 37 38 39 40 41 42 43 44 45 46 47 48 49 50 51 52 53 54 55
57 0 56
58 56
59 56 11
60 56 44
61
62
63 56 61 62
64 56 63
65 56 64
66 56 65
67 56 66
68 56
69 56 54
70 56 4
71 56 47
72
73 72 26
74 56
75 56 35
76 56 18
77 24 56
78 56
79 56
80 56
81 56 21
82 56
83 32 56
84 2 26
85 56
86 56 30
87 56 9
88 56 14
89 72 26
90 56 19
91
92 26 91
93 56 17
94 56
95 56 20
96
97 56
98 56 45
99 56 38
100 40 56
101 33 26
102 56 36
103 56 64 66 65
104 26 91
105 56 27
106 56
107 56
108 56 22
109 56 2 26
110 56
111 56
112 56
113 56 52
114 56 28
115 56 46
116 96 26
117 56 51
118 56
119 56 49
120 56 37
121 56 39
122 56 13
123 56
124 56 26 3
125 56 23
126 96 26
127 56 34
128 56 53
129 56
130 16 56
131 56 29
132 56 50
133 56
134 56 5
135 56 55
136 56
137 56 43
138 56 31
139 56 15
140 56 1 6
141 56 25 26
142 56 12
143 26 3
