#/Library/Python/2.7/site-packages/ipykernel/__main__.py -f /Users/joshamilton/Library/Jupyter/runtime/kernel-d2ab50d1-632e-442f-a3f0-7a049be4bc22.json
# GMT Fri May 13 20:46:01 2016
# 
0
1
2
3
4
5
6
7 5 6
8
9
10
11
12
13
14 13
15
16
17 14
18 16 17
19
20
21 20
22
23
24 10
25
26
27 26
28 27
29
30
31
32
33
34
35
36
37
38
39
40
41
42
43
44
45
46
47
48
49
50
51
52
53
54
55
56
57
58
59
60
61
62
63
64
65
66
67 0 1 2 3 4 5 6 7 8 9 10 11 12 14 15 18 19 20 21 22 23 24 25 28 29 30 31 32 33 34 35 36 37 38 39 40 41 42 43 44 45 46 47 48 49 50 51 52 53 54 55 56 57 58 59 60 61 62 63 64 65 66
68 67
69 2
70 67
71 67
72 71
73 67 55
74 67
75 67 59
76 67 61
77
78 24 77 23
79 67 51
80 24
81 31
82 67
83 67 52
84 72
85 84
86 85
87 86
88 34 67
89 67
90 67 62
91 67 46
92 91
93
94 2 67
95 49 67
96 67
97 67
98 57 67
99 67
100
101 100 69
102 100 69
103 73
104 67
105 75
106 67
107
108 26 107
109 56 67
110 109
111 67
112 67
113 28
114 67
115 79
116 67
117 67
118 87
119 67
120 67 53
121 67
122 67
123 67
124 67
125 67 45
126 67
127 67 93
128 41 67
129 67
130
131 24 77
132 67
133 76
134 67
135 42 67
136 135
137 67
138 67
139 67
140 17
141 130 67
142 67 63
143 142
144 125
145 58 67
146 93
147 67
148 67
149 67 47
150 98
151 83
152 27
153 67
154 128
155 67
156 149
157 120
158 67
159 80
160 35 67
161 67
162 7
163 7
164 145
165 95
166 33 67
167 67
168 67
169 67
170 6
171 90
172 2 67
173 67
