#/Library/Python/2.7/site-packages/ipykernel/__main__.py -f /Users/joshamilton/Library/Jupyter/runtime/kernel-eded5738-04c6-4b04-b3d3-2ef89fb8ab28.json
# GMT Thu May 26 20:13:15 2016
# 
0
1
2
3
4
5
6
7
8
9
10
11
12
13
14
15
16
17
18
19
20
21
22
23
24
25
26
27
28
29
30
31
32
33
34
35
36
37
38
39
40
41
42
43
44
45
46
47 46
48
49 0 1 2 3 4 5 6 7 8 9 10 11 12 13 14 15 16 17 18 19 20 21 22 23 24 25 26 27 28 29 30 31 32 33 34 35 36 37 38 39 40 41 42 43 44 45 47 48
50 49
51 49 43
52 49
53
54 49
55 49
56 49 34
57 49
58 49
59 49
60 49
61 49
62 49
63 49
64 49
65 49 35
66 49
67 49
68 49
69 49
70 49
71 49 1
72 49
73 49
74 49
75 49
76 49
77 49
78 49
79 49
80 49 53
81 49 37
82 49
83
84 49
85 49 42
86 49
87 48 49
88 49 83
89 49
90 49
91 24 49
92 49
93 49
94
95 49 94
96 49
97 49
98 49
99 49
100 49
101 49
102 49
103 49
104 49
105 49
106 49
107 49
108 49
109 49
110 49
111 49 97
112 49 4
113 49
114 49
115 49
116 49
117 49
118 49 38
119 49 94
120 49
121 49
122 49
123 49
124 49
125 49 21
126 49 47
127 40 49
128 49
129 49
130 49
131 49
132 41 49
133 49
134 49
135 49
136 49
137 49
138 49
139 49
140 49
141 49
142 49
143 49 36
144 49
145 49 45
146 49
147 49 28
148 49
149 49
150 49
151 49
152 49 12
153 49
154 49
155 49
