#/Library/Python/2.7/site-packages/ipykernel/__main__.py -f /Users/joshamilton/Library/Jupyter/runtime/kernel-eded5738-04c6-4b04-b3d3-2ef89fb8ab28.json
# GMT Thu May 26 20:13:17 2016
# 
0
1
2
3
4
5
6
7
8
9
10
11
12
13
14
15
16
17
18
19
20
21
22
23
24
25
26
27
28
29
30
31
32
33
34
35
36
37
38
39
40
41
42
43
44
45
46
47
48
49
50 0 1 2 3 4 5 6 7 8 9 10 11 12 13 14 15 16 17 18 19 20 21 22 23 24 25 26 27 28 29 30 31 32 33 34 35 36 37 38 39 40 41 42 43 44 45 46 47 48 49
51 50
52 50 47
53 50
54
55 50
56 50
57 50
58 25 50
59 50
60 50
61 50
62 50
63 50
64 50 54
65 50 26
66 50
67 50
68 50
69 50 5
70 50
71 50
72 50
73 50
74 50
75 50
76 50
77 50
78 50 38
79 50
80 50 44
81 49 50
82 50
83 50 21
84 50
85 50
86 50
87 50
88 50
89
90 50
91 50
92 89 50
93 50
94 50
95 50
96 50
97 50
98 50
99 50
100 50 87
101 50 35
102 50 6
103 50
104 50
105 50
106 50
107 0 1 50
108 50
109 50
110 50
111 50
112 50
113 50
114 50
115 50
116 50
117 50
118 50 42
119 50
120 50
121 50
122 50
123 50 46
124 50
125 50 43
126 50
127 50
128 50
129 50 45
130 50
131 50
132 50
133 50 30
134 50
135 50
136 50
137 32 50
138 50
139 50
140 50
141 50
142 50 34
143 50
144 48 50
