#/Library/Python/2.7/site-packages/ipykernel/__main__.py -f /Users/joshamilton/Library/Jupyter/runtime/kernel-eded5738-04c6-4b04-b3d3-2ef89fb8ab28.json
# GMT Thu May 26 21:02:11 2016
# 
0
1
2
3
4
5
6
7
8
9
10
11
12
13
14
15
16
17
18
19
20
21
22
23
24
25
26
27
28
29
30
31
32
33
34
35
36
37
38
39
40
41
42
43
44
45
46
47
48
49
50
51
52
53 0 1 2 3 4 5 6 7 8 9 10 11 12 13 14 15 16 17 18 19 20 21 22 23 24 25 26 27 28 29 30 31 32 33 34 35 36 37 38 39 40 41 42 43 44 45 46 47 48 49 50 51 52
54 53
55 53 45
56 53 14
57 53
58 53
59
60 53
61 53
62 53
63 49 53
64 13 53
65 53
66
67 53
68 53
69 27 53
70 53
71 59 53
72 53
73 53
74 53
75 53
76 53
77 53
78 53
79 53
80 53
81 53
82 53
83 53
84 53
85 53
86 53
87 48 53
88 66 53
89 53 39
90 89 53
91 53 37
92 53
93 53
94 53
95 41 53
96 53
97 53
98 53
99 53
100 53
101 53
102 53
103 53
104 53
105 53
106 53 46
107 53
108 53
109 50 53
110 53
111 53
112 53
113 53
114 53 38
115 53
116 53
117 44 53
118 35 53
119 53
120 51 43 53
121 53
122 53
123 53
124 53
125 36 53
126 53
127 53
128 53
129 53
130 53
131 53
132 53
133 53
134 53 23
135 53
136 42 53
137 53
138 53
139 53
140 53
141 29 53
142 53
143 53
144 53
145 53
146 53 15
147 53
148 40 53
149 53
150 53 6
151 53 47
152 53
