#/Library/Python/2.7/site-packages/ipykernel/__main__.py -f /Users/joshamilton/Library/Jupyter/runtime/kernel-eded5738-04c6-4b04-b3d3-2ef89fb8ab28.json
# GMT Thu May 26 21:02:11 2016
# 
0
1
2
3
4
5
6
7
8
9
10
11
12
13
14
15
16
17
18
19
20
21
22
23 22
24
25
26
27
28
29
30
31
32
33
34
35
36
37
38
39
40
41
42
43
44
45
46
47
48
49
50
51
52
53 0 1 2 3 4 5 6 7 8 9 10 11 12 13 14 15 16 17 18 19 20 21 23 24 25 26 27 28 29 30 31 32 33 34 35 36 37 38 39 40 41 42 43 44 45 46 47 48 49 50 51 52
54 53 46
55 53
56
57 53
58
59 53
60 53
61 53
62 53
63 53
64 53
65 56 53
66 53
67 53
68 36 53
69 53 38
70 53
71 53
72 53
73 53
74 53
75 53
76 53
77 53
78 53
79 53
80 44 53
81 53
82 53
83 53
84 48 53
85 58 53
86 53
87 43 53
88 11 53
89 88 53
90 53
91 53
92 52 53
93 53
94 53 93
95 42 53
96 53
97 53
98 53
99 53
100 53
101 53
102 53
103 53
104 53
105 53 22
106 53
107 53
108 53
109 98 53
110 53
111 53
112 53
113 53
114 53
115 50 53
116 53
117 53
118 53
119 27 53
120 45 53
121 53
122 53
123 53
124 53
125 53
126 53
127 26 53
128 3 53
129 41 53
130 53
131 53
132 53 37
133 53
134 53
135 53
136 53
137 53
138 53
139 53
140 53
141 20 53
142 53
143 53
144 53
145 53
146 53
147 53
148 53
149 53
150 53
151 53
152 53
153 53
154 53 21
155 53
156 53
157 49 53
158 53 47
