#/Library/Python/2.7/site-packages/ipykernel/__main__.py -f /Users/joshamilton/Library/Jupyter/runtime/kernel-d2ab50d1-632e-442f-a3f0-7a049be4bc22.json
# GMT Fri May 13 20:46:37 2016
# 
0
1
2
3
4
5
6
7
8
9
10
11
12
13
14
15
16
17
18
19
20
21
22
23
24
25
26
27 0 1 2 3 4 5 6 7 8 9 10 11 12 13 14 15 16 17 18 19 20 21 22 23 24 25 26
28
29
30
31
32
33
34
35
36
37
38
39
40
41
42
43
44
45
46
47
48
49
50
51
52
53
54
55
56 53 55
57
58
59
60
61
62
63
64 3 28 29 30 31 32 33 34 35 36 37 38 39 40 41 42 43 44 45 46 47 48 49 50 51 52 53 54 56 57 58 59 60 61 62 63
65 64 54
66 65
67 18 27
68 27
69 27 22
70 24 27
71
72 58
73 27 14
74 64 62
75 52
76 75 52
77 64 30
78 64
79 27 3
80 27
81 50 46
82 25 27
83 27 12
84 64
85 10 27
86 27
87 27 3
88 27
89 64 75
90 27 3
91 27 3
92 48
93 3 27
94 27
95
96 64 95
97 47
98 16 27
99 64
100 49
101 59 61
102 19 27
103 9 27
104 3 27
105
106 64
107 26 27
108
109 64 105 108
110 109
111 64 28
112 27
113 3 27
114 27 20
115 27
116 27 3
117 64
118 64 117 71
119
120 64 119
121 27 5
122 3
123 27
124
125 64 45
126 60
127 64 57
128 27 3
129 3
130 64 63
131 51
132 64 124 38 39
133 27 21
134 32
135 27
136 3 27
137 27 11
138 27 6
139 27 3
140 3
141 112 27
142 124
143 27
144 3
145 3
146 64 54
147 3
148 3 27 15
149 35
150 3 27
