#/Library/Python/2.7/site-packages/ipykernel/__main__.py -f /Users/joshamilton/Library/Jupyter/runtime/kernel-d2ab50d1-632e-442f-a3f0-7a049be4bc22.json
# GMT Fri May 13 20:46:37 2016
# 
0
1
2 0 1
3
4
5
6
7
8 7
9 8
10
11
12
13
14 13
15
16
17 16
18
19
20 14
21
22
23
24 22 23
25
26
27
28
29
30
31
32
33
34
35
36
37
38
39
40
41
42
43
44
45
46
47
48
49
50
51
52
53
54
55
56
57
58
59
60
61
62
63
64
65 2 3 4 5 6 7 8 9 10 11 12 14 15 17 18 19 20 21 22 23 24 25 26 27 28 29 30 31 32 33 34 35 36 37 38 39 40 41 42 43 44 45 46 47 48 49 50 51 52 53 54 55 56 57 58 59 60 61 62 63 64
66 65
67 65
68 65 50
69 65 55
70 57 65
71 63
72 15
73 65 46
74 18
75 65 2
76 28
77 65 3
78 65
79 65
80 65
81 80
82 81
83 65
84
85 65
86 65 58
87
88
89 88 65 87
90 65 44
91 75
92 65 41
93 68
94 69
95 70
96
97 96 13
98 65 52
99 98
100 65
101 65
102 65
103 65
104 65
105 73
106 65
107 65
108 48 65
109 20
110 65
111 30
112 65
113
114
115 65 114
116 115
117 65
118 40 65
119 65
120
121 120 65
122 65
123 65 84
124 65
125 65
126 81
127 65
128 65
129 65
130 65 53
131 65 37
132 131
133 65
134 65
135 65 106 114 71
136 65 27 29
137
138 65 36
139 65
140 65
141 65
142 137 65
143 65
144 65
145 81
146
147 65 146
148 65
149 65 59
150 149
151 65
152 118
153 65 54
154 65
155 11
156 113 65
157 65
158 65 42
159 130
160 65
161 65 47
162 161
163 65
164 138
165 65 124
166 158
167 115
168 108
169 65
170 65
171 92
172 153
173 19
174 65 26
175 90
176 65
177 65
178 86
179 65
180 65
