#/Library/Python/2.7/site-packages/ipykernel/__main__.py -f /Users/joshamilton/Library/Jupyter/runtime/kernel-eded5738-04c6-4b04-b3d3-2ef89fb8ab28.json
# GMT Thu May 26 20:13:18 2016
# 
0
1
2
3
4
5
6
7
8
9
10
11
12
13
14
15
16
17
18
19
20
21
22
23
24
25
26
27
28
29
30
31
32
33
34
35
36
37
38
39
40
41 0 1 2 3 4 5 6 7 8 9 10 11 12 13 14 15 16 17 18 19 20 21 22 23 24 25 26 27 28 29 30 31 32 33 34 35 36 37 38 39 40
42 41
43 41 38
44 41
45 41
46 41
47 41
48 41 30
49 41
50 41
51 41
52 41
53 41
54 41
55 41
56 41 31
57 41
58 41
59 41
60 41 13
61 41
62 41
63 41
64 41
65 41
66 41
67 41
68 41
69 41
70 41
71
72 41
73 41 37
74 40 41
75 41 71
76 41
77 24 41
78 41
79 41
80 41
81 41
82 41
83 41
84 41
85 41
86 41
87 41
88 41
89 41
90 36
91 41
92 41
93 41
94 41
95 41
96 41 83
97 0 41
98 41
99 41
100 41
101 41
102 41
103 41 26
104 41
105 41
106 41
107 41
108 41
109 41 39
110 41
111 41 35
112 41
113 41
114 41
115 41
116 41
117 41
118 41
119 41
120 41
121 41
122 41
123 41
124 41
125 41
126 41
127 41
128 41
129 32 41
130 41 18
131 41
132 41 33
133 41
134 41
135 41
136 41
