#/Library/Python/2.7/site-packages/ipykernel/__main__.py -f /Users/joshamilton/Library/Jupyter/runtime/kernel-d2ab50d1-632e-442f-a3f0-7a049be4bc22.json
# GMT Fri May 13 20:45:59 2016
# 
0
1
2 1
3
4 3
5 4
6 5
7 6
8
9
10 8 9
11 10 7
12 11
13 12
14 3 4 5 6 7 11 12 13
15 13
16 14 15
17
18
19
20
21
22
23 22
24
25
26
27
28
29
30
31
32
33
34
35
36
37
38
39
40
41
42
43
44
45
46
47
48
49
50
51
52
53
54
55
56
57 24
58
59
60
61
62
63
64 63
65
66
67
68 23
69
70
71
72
73 72
74 58
75 74
76
77 76
78 0 1 2 16 17 18 19 20 21 23 24 25 26 27 28 29 30 31 32 33 34 35 36 37 38 39 40 41 42 43 44 45 46 47 48 49 50 51 52 53 54 55 56 57 58 59 60 61 62 64 65 66 67 68 69 70 71 72 73 75 77
79 78
80 78
81
82 50 78
83 52 78
84 81 78
85 84 78
86 66
87 41 78
88 65
89
90 89
91 90 76 77
92 78
93 78
94 78
95
96 78
97 92
98 53 78
99 36 78
100 99
101
102 101 78
103
104 78 103
105 78 39
106 78
107 45 78
108 107
109 0
110 82
111 83
112 78 47
113 112
114 78
115 78
116 24
117 87
118 37 78
119 78
120 43 78
121 86
122
123 78
124 78
125 19 78
126 122 125
127 78
128 35 78
129 78
130 78
131 78 31
132 0
133 78
134 78 95
135 78
136 78
137 78
138 32 78
139 138
140 78
141 78
142 62 61 78
143 78
144 122
145 78
146 78
147 78
148 48 78
149 78
150 78
151
152 78 151
153 78
154 78 54
155 154
156 128
157 49 78
158 78
159
160 21
161 78
162
163 162 78
164 78
165 148
166 78
167 42 78
168 167
169 78
170 78
171 131
172 78 135
173 118
174 78 159
175 125
176 78
177 120
178 78
179 78
180 78
181 78
182 157
183 105
184
185 184 22
186 78
187 169
188 78
189 67
190 78
191 78
192 78
193 98
194 78
