#/Library/Python/2.7/site-packages/ipykernel/__main__.py -f /Users/joshamilton/Library/Jupyter/runtime/kernel-eded5738-04c6-4b04-b3d3-2ef89fb8ab28.json
# GMT Thu May 26 20:13:22 2016
# 
0
1
2
3
4
5
6
7
8
9
10
11
12
13
14
15
16
17
18
19
20
21
22
23
24
25
26
27
28
29
30
31
32
33
34
35
36
37
38
39
40
41
42
43
44
45
46
47
48
49
50
51
52
53
54
55
56
57
58
59
60
61
62
63 0 1 2 3 4 5 6 7 8 9 10 11 12 13 14 15 16 17 18 19 20 21 22 23 24 25 26 27 28 29 30 31 32 33 34 35 36 37 38 39 40 41 42 43 44 45 46 47 48 49 50 51 52 53 54 55 56 57 58 59 60 61 62
64 0 63
65 60 63
66 43 63
67 63
68 63
69 63
70 33 63
71 63
72 63
73 63
74 63
75 49 63
76 63
77 63
78 63
79 63
80 37 63
81 63
82 63
83 63
84 63
85 63
86 63
87 9 63
88 63
89 52 63
90 63
91 63
92 63
93 63
94
95 63
96 59 63
97 63
98 56 63
99 94 63
100 36 63
101 63
102 3 63
103 54 63
104 63 39
105 63
106
107 106 63
108 63
109 63
110 63
111 63
112 63
113 63
114 63
115 63
116 63
117 63
118 46 63
119 63
120 6 63
121 63
122 109 63
123 30 63
124 63
125 63
126 63
127 63
128 53 63
129 61 63
130 41 63
131 50 63
132 44 63
133 35 63
134 63
135 22 63
136 63
137 63
138 58 63
139 63
140 55 63
141 63 47
142 63
143 63
144 57 63
145 38 63
146 51 63
147 63
148 63
149 40 63
150 63
151 63
152 63
153 63
154 48 63
155 63
156 63
157 34 63
158 62 63
159 63
160 42 63
161 63
162 63
163 63
164 23 63
165 45 63
166 63
167 63
