#/Library/Python/2.7/site-packages/ipykernel/__main__.py -f /Users/joshamilton/Library/Jupyter/runtime/kernel-d2ab50d1-632e-442f-a3f0-7a049be4bc22.json
# GMT Fri May 13 20:46:37 2016
# 
0
1 0
2 1
3 2
4 3
5 4
6
7
8
9 8 6 7
10 9
11 10
12 11 5
13 0 1 2 3 4 5 10 11 12
14
15 13 14
16
17
18
19
20 19
21 20
22
23 22
24
25
26
27 9
28 27
29
30
31
32
33
34
35
36
37
38
39
40
41
42
43
44 43
45
46 45
47 46
48
49
50
51 7 9 15 16 17 18 19 20 21 23 24 25 26 28 29 30 31 32 33 34 35 36 37 38 39 40 41 42 44 47 48 49 50
52
53
54
55
56
57
58
59
60
61
62
63
64
65
66
67
68
69
70
71
72
73
74
75
76
77
78 36 37 51 52 53 54 55 56 57 58 59 60 61 62 63 64 65 66 67 68 69 70 71 72 73 74 75 76 77
79 78
80 51
81
82
83 9 80 81 82 51 27
84 78
85 32 33 51
86 78
87 86
88 40 20
89 51 35
90 69 78
91 78
92 73 78
93 75 78
94
95 65 78
96 51 29
97 60 78
98 51 78
99 87
100 99
101 100
102
103 101 102
104 78
105 20 39
106 51
107 44
108 76 78
109 97
110 51 36
111 78 63
112 51
113
114 113
115 114 22 23
116 78
117 90
118 17
119 92
120 78
121 35 20
122 93
123 51
124
125 51
126 51 78
127 51 78
128 78
129 95
130 78
131 51
132 103
133 51 78
134 67 78
135 47
136 51
137 51
138
139
140 70 78
141 32 33 51
142 141
143 78
144 59 78
145 51 78
146 78
147 51 78
148 78
149 56 78
150 149
151 51 20
152 51 78
153 51 131 94
154 78 55
155 51
156 78
157 140
158 78
159 51
160 107
161 78 71
162 51 78
163 51
164 51
165
166 51 165
167 78
168 77 78
169 168
170 144
171 72 78
172 78
173 78
174 51 78
175 51 139
176 51 78
177 61 78
178 78
179 161
180 51 78
181 35 38 39 40 41 51 20
182 66 51 78
183 182
184 138 51
185 107
186 9 18
187 186
188 51
189 46
190 154
191 146 78
192 177
193
194
195 194 51
196 134
197 78
198 51
199 51
200 78
201 51
202 82
203 171
204 124
205 204 45
206 111
207 51 20
208 12
209 81
210 17
211 41 20
212 20 38
213 108
214 193 51
215 51 78
216 51
