#/Library/Python/2.7/site-packages/ipykernel/__main__.py -f /Users/joshamilton/Library/Jupyter/runtime/kernel-26030804-2a20-4396-87f8-13d6e8f14be9.json
# GMT Sun May 15 17:41:20 2016
# 
0
1
2
3
4
5
6
7
8
9
10
11
12
13
14
15
16
17
18
19
20
21
22
23
24
25
26
27
28
29
30
31
32
33
34
35
36
37
38
39
40
41
42
43
44
45
46 0 1 2 3 4 5 6 7 8 9 10 11 12 13 14 15 16 17 18 19 20 21 22 23 24 25 26 27 28 29 30 31 32 33 34 35 36 37 38 39 40 41 42 43 44 45
47 46
48 46
49 46
50 28 46
51 40 46
52 2 46
53 46
54 46
55 46
56 46
57 46
58 46
59 29 46
60 46
61 28 46
62 46
63 46
64 46
65 46
66 46
67 46
68 46
69
70 46
71 46
72 46
73 32 33 46
74 46
75 69 46
76 46
77 46
78 77 46
79 26 46
80 46
81 46
82 46
83 46
84 46
85 34 46
86 46
87 46
88 46
89 46
90 46
91 46
92 35 46
93 46
94 46
95 46
96 46
97 46
98 84 46
99 46
100 46
101 46
102 43 46
103 46
104 46
105 27 46
106 46
107 46
108 46
109 46
110 46
111 37 46
112 46
113 46
114 46
115 46
116 46
117 46
118 46
119 36 46
120 46
121 46
122 46
123 46
124 46
125 46
126 46
127 46
128 42 46
129 41 46
130 46
131 46
132 46
133 46
134 46
135 46
136 46
137 46
138 46
139 46
