#/Library/Python/2.7/site-packages/ipykernel/__main__.py -f /Users/joshamilton/Library/Jupyter/runtime/kernel-d2ab50d1-632e-442f-a3f0-7a049be4bc22.json
# GMT Fri May 13 20:46:00 2016
# 
0
1
2
3
4
5 4
6 5
7
8
9
10
11
12
13
14
15
16
17
18
19 17 18
20
21
22
23
24
25
26
27
28
29
30
31
32
33
34
35 34
36 35
37 36
38 37
39 38
40
41
42
43
44
45
46
47
48
49
50
51
52
53
54
55
56
57
58
59
60
61
62
63
64
65
66
67
68
69
70
71 70
72
73
74
75
76 75
77 76
78
79
80
81
82 81
83 0 1 2 3 4 5 6 7 8 9 10 11 12 13 14 15 16 19 20 21 22 23 24 25 26 27 28 29 30 31 32 33 34 35 36 37 38 39 40 41 42 43 44 45 46 47 48 49 50 51 52 53 54 55 56 57 58 59 60 61 62 63 64 65 66 67 68 69 71 72 73 74 77 78 79 80 82
84 83
85 83
86 85
87 86
88 87
89 88
90
91 89 90
92 91 83
93 83
94 26 83
95
96 83
97 83 62
98 83 63
99 83 95
100 99 83
101 59 83
102 74
103 83 55
104 83
105 83
106 83
107
108 83 6
109 83
110 64 83
111 50 83
112 83
113 83 54
114 83 13
115 83
116 83
117 58 83
118 117
119 83
120 25
121 97
122 83
123 83 27
124 98
125 101
126 83
127 83
128 83
129 103
130 83
131 83
132 131
133 83
134 83 14
135 57 83
136 83
137 83
138
139 83
140
141 83 60
142 141
143 83
144 83
145 83 12
146 83 23
147 83 7
148 25
149 83 107
150
151 8 83
152 151
153 83
154 83
155 83
156 83
157 83
158 147
159 83
160
161 160 83
162 65 83
163 162
164 83 150
165 145
166 83 61
167
168 167
169 83
170 83
171 41
172 138 83
173 83
174 173
175 83
176 83
177 83
178 134
179 83 167
180 83 140
181 83
182 135
183 83
184 114
185 83
186 166
187 83
188 113
189 83
190 83
191 83
192 83
193 83
194 83
195 83 28
196 83
197 110
198 83
