#/Library/Python/2.7/site-packages/ipykernel/__main__.py -f /Users/joshamilton/Library/Jupyter/runtime/kernel-26030804-2a20-4396-87f8-13d6e8f14be9.json
# GMT Sun May 15 17:40:56 2016
# 
0
1
2
3
4
5
6
7
8
9
10
11
12
13
14
15
16
17
18
19
20
21
22
23
24
25
26
27
28
29
30
31
32
33
34
35
36
37
38
39
40
41
42
43 42
44
45
46
47
48
49
50
51
52
53
54
55 0 1 2 3 4 5 6 7 8 9 10 11 12 13 14 15 16 17 18 19 20 21 22 23 24 25 26 27 28 29 30 31 32 33 34 35 36 37 38 39 40 41 43 44 45 46 47 48 49 50 51 52 53 54
56 27 55
57 55
58 13 55
59 55
60 33 55
61 55
62
63 62 55
64 55
65 55
66 55
67 49 55
68 34 55
69 62 55
70 13 55
71 55
72 55
73 44 22 55
74 62 55
75 14 55
76 55
77 55
78
79 55
80 55
81 55
82 55
83 52 46 55
84 78 55
85 17 55
86 62 55
87 43 55
88 55
89 55
90 47 55
91 55
92 62 55
93
94 55
95 93 55
96 62 55
97 55
98 55
99 55
100 55
101 89 55
102 62 55
103 55
104 55
105 37 55
106 55
107 62 55
108 41 55
109 48 55
110 55
111 55
112 62 55
113 51 55
114 62 55
115 62 55
116 45 55
117 55
118 55
119 54 55
120 55
121 55
122 55
123 55
124 55
125 35 55
126 0 55
127 55
128 55
129 36 55
130 55
131 62 55
132 62 55
133 28 55
134 62 55
135 50 55
136 55
137 53 55
