#/Library/Python/2.7/site-packages/ipykernel/__main__.py -f /Users/joshamilton/Library/Jupyter/runtime/kernel-d2ab50d1-632e-442f-a3f0-7a049be4bc22.json
# GMT Fri May 13 20:46:36 2016
# 
0
1
2 1
3 2
4 3
5 4
6
7
8 6 7
9 8 5
10 9
11 10
12 1 2 3 4 5 9 10 11
13 11
14 12 13
15
16
17
18
19
20 19
21
22
23
24 20
25
26
27
28
29
30
31
32
33
34
35
36
37
38
39
40
41
42
43
44
45
46
47
48
49
50
51
52
53
54
55 54
56
57
58
59
60
61
62
63
64
65
66
67
68
69 68
70
71 70
72 0 14 15 16 17 18 20 21 22 23 24 25 26 27 28 29 30 31 32 33 34 35 36 37 38 39 40 41 42 43 44 45 46 47 48 49 50 51 52 53 54 55 56 57 58 59 60 61 62 63 64 65 66 67 69 71
73 72
74 72
75 72 64
76 72 75
77 72 44
78 72
79
80 72 49
81 72 51
82
83 79
84 40 72
85 22
86 72 35
87 72
88 72
89 72
90 72
91
92 72
93 72
94 72 52
95 72 38
96
97 96
98 97 70 71
99 72 47
100 77
101 72
102 67
103 80
104 81
105
106 105 19
107 72 46
108 107
109 72
110 72
111 72
112 84
113 72
114 72
115 72
116 72 42
117 72 31
118 72
119 72
120
121 72
122 72
123 72 34
124 72
125 72
126 72 53
127 72 91
128 72
129 72
130 72
131 72
132 117
133 72
134 72 82 58
135 72 30
136 72
137 72
138 72
139 21
140 72
141 72
142 72
143 72 64
144
145 144 72
146 72
147 126
148 123
149 48 72
150 72
151 18
152 72
153 72
154 120 72
155 72
156 72 36
157 139
158 99
159 72
160 72 41
161 160
162 72
163 135
164 72 128
165 156
166
167 72 166
168 116
169 72
170 72
171 72
172 86
173 72
174 149
175 72 64
176 95
177 23
178 72
179 72
180 67
181 94
182 72
183 72 83
