#/Library/Python/2.7/site-packages/ipykernel/__main__.py -f /Users/joshamilton/Library/Jupyter/runtime/kernel-d2ab50d1-632e-442f-a3f0-7a049be4bc22.json
# GMT Fri May 13 20:46:35 2016
# 
0
1
2
3
4
5 4
6
7
8
9
10 9
11
12
13
14
15
16 15
17
18
19
20 19
21
22
23
24
25
26
27
28 27
29 27 28
30
31 30
32
33
34
35 31
36
37
38 0 1 2 3 4 5 6 7 8 10 11 12 13 14 16 17 18 19 20 21 22 23 24 25 26 29 31 32 33 34 35 36 37
39 38
40 38
41 38
42 38
43 38
44 43
45 38
46 32
47
48 38 47
49 33
50
51 50
52 38
53 52
54 38
55
56 38 55
57 38
58 57
59 38
60 16
61
62
63 62
64 40
65 35
66 38 55
67 42
68 26
69 61 30
70 38 55
71 38 55
72 38 55
73 18 38
74 45
75 38
76 38
77 38
78
79 38 55
80 38 63
81 38
82 78
83 38 55
84 39
85 38 55
86 38
87 29 78
88
89 38
90
91 50 90 14 38
92 88 38
93 38 55
94 38
95 18 38
96 38 55
97 38
98 12
99 38
100 99
101 38 55
102 46
103 1
104 38 55
105 38
106 59
107 38
108 38
109 34
110 38
111 26
112 38 55
113 38 55
114 38
