#/Library/Python/2.7/site-packages/ipykernel/__main__.py -f /Users/joshamilton/Library/Jupyter/runtime/kernel-d2ab50d1-632e-442f-a3f0-7a049be4bc22.json
# GMT Fri May 13 20:46:34 2016
# 
0
1
2
3
4 3
5
6 5
7
8 7
9
10
11
12 11
13 12
14 13
15 14
16
17
18 16 17
19 18 15
20 19
21 20
22 11 12 13 14 15 19 20 21
23 21
24 22 23
25
26 25
27
28 27
29 28
30
31 26
32
33
34
35 34
36
37
38
39
40
41
42
43
44
45 32 44
46 45
47 35
48
49 36
50
51
52
53
54
55 46
56 54 55
57 0 1 2 4 5 6 7 8 9 10 24 25 26 29 30 31 32 33 35 36 37 38 39 40 41 42 43 46 47 48 49 50 51 52 53 56
58 57
59 57
60
61 57 60
62 57
63 57
64 63
65 57
66 37
67
68 57 67
69 44
70 57
71
72 57 71
73 57
74 73
75 53
76 57
77 59
78 52
79 57 45 78
80 57
81 57
82 57 71
83 62
84 57
85
86 34 85
87 57 71
88 57 71
89 57 71
90 36
91 65
92 57
93 57 71
94
95 57 94
96 57
97 57
98 57 71
99 58
100 57 71
101 57
102 57
103 57
104 84
105 57 60 31
106 57
107 57 71
108 57
109 53
110
111 57 110
112 55
113 57 71
114 33
115 57
116 115
117 57 71
118 57 71
119 57
120 57
121 76
122 57
123 57
124 57
125 57
126 38
127 57
128 57
129 57 71
130 57 71
131 57
