#/Library/Python/2.7/site-packages/ipykernel/__main__.py -f /Users/joshamilton/Library/Jupyter/runtime/kernel-d2ab50d1-632e-442f-a3f0-7a049be4bc22.json
# GMT Fri May 13 20:46:35 2016
# 
0
1
2
3
4
5 4
6 5
7
8
9 8
10 9
11
12
13
14
15 14
16
17 16
18 17
19
20
21
22
23 22
24 23
25
26
27
28
29
30
31
32
33
34
35
36
37
38
39
40
41
42
43
44
45
46
47
48
49
50
51
52
53
54
55 54
56
57
58
59
60
61
62
63
64
65
66 65
67 0 1 2 3 6 7 8 10 11 12 13 15 18 19 20 21 24 25 26 27 28 29 30 31 32 33 34 35 36 37 38 39 40 41 42 43 44 45 46 47 48 49 50 51 52 53 54 55 56 57 58 59 60 61 62 63 64 66
68 67
69 67
70
71 9 70
72
73
74
75 74 67
76 75
77 73
78 77
79 78
80 79
81 80
82 81 76
83 82
84 83
85 67
86 67 47
87 49 67
88 67 44
89 67 38
90 21
91 67
92
93 92
94 11 93
95 67
96 67
97 2
98 67
99
100
101 9 100
102 67
103 50 67
104 67 52
105 67 36
106 33 67
107 67
108 42 67
109 108
110 67
111 67
112 7
113 86
114
115 9 114
116 87
117
118 16 117
119 88
120 67
121 67
122 89
123 67
124 67
125 124
126 125
127 67
128 34 67
129 40 67
130 67
131
132 67
133 67
134 72 67
135 67 134
136 67
137 32 67
138 73 75 76 77 78 79 80 81 82 83
139
140 67 139
141 67 99
142 67
143 67 45
144 67
145 67 29
146 145
147 9 67
148 59 58 67
149
150 67
151 67 28
152 67
153 67
154 138 84
155 20
156 67 149
157 2
158
159 67 158
160 67 51
161 160
162 137
163 67 46
164 129
165 67
166 19
167 67
168 67
169 67 142
170
171 170 67
172 143
173 67 100 70 9 114 131 169
174 67 39
175 174
176 64 67
177 176
178 17
179 151
180 128
181 67
182 67
183 106
184 67
185 163
186 67
187 105
188 9 67
189 67
190 7
191 169 9
192 67
193 9 131
194 103
195 61
196 67
