#/Library/Python/2.7/site-packages/ipykernel/__main__.py -f /Users/joshamilton/Library/Jupyter/runtime/kernel-d2ab50d1-632e-442f-a3f0-7a049be4bc22.json
# GMT Fri May 13 20:46:36 2016
# 
0
1
2 0 1
3
4
5
6
7 6
8
9 8
10
11 10
12 11
13
14
15
16 15
17
18
19
20
21
22
23 4 2 20 21 22
24 2
25 24
26
27
28
29
30 16
31
32
33
34
35 33 34
36 35
37 36
38
39 28
40 39
41
42 41
43 2 3 4 5 6 7 8 9 10 11 12 13 14 16 17 18 19 20 21 22 23 24 25 26 27 28 29 30 31 32 37 38 40 42
44 43
45 43
46 43
47 43
48
49 43
50 48
51 17
52 43
53
54 43 53
55
56 43 55
57 43
58
59 43
60
61 60
62 41 42 61
63 30
64 43 55
65 43
66 43
67
68 67 15
69 43 55
70 43 55
71 43 55
72 43
73 43
74 43 55
75
76 75 43
77 58 43
78 43
79 43 55
80 43 55
81 43
82 43
83 43
84 43
85
86 43 85
87 43 55
88 43
89 43
90
91 90 43
92 83
93 43
94 43 55
95 13
96 43 55
97 51
98 43 55
99 83
100 43
101 43
102 43
103 43
104 19
105 43 23
106 43 55
107 43 55
108 50 43
