#/Library/Python/2.7/site-packages/ipykernel/__main__.py -f /Users/joshamilton/Library/Jupyter/runtime/kernel-d2ab50d1-632e-442f-a3f0-7a049be4bc22.json
# GMT Fri May 13 20:45:59 2016
# 
0
1 0
2
3
4 3
5 4
6
7
8
9
10 9
11
12
13
14
15
16
17
18
19
20
21
22
23
24
25
26
27
28
29
30
31
32
33
34
35
36
37
38
39
40
41
42
43
44
45 44
46 45
47
48
49
50
51 50
52
53
54
55
56
57
58
59
60
61
62 60 61
63
64
65
66 10
67
68
69 68
70
71
72
73 52
74
75
76
77
78
79
80 79
81
82
83
84
85
86 84 85
87
88 87
89 88
90 89
91 90
92 91 86
93 92
94 93
95 87 88 89 90 91 92 93 94
96 94
97
98 0 1 2 3 4 5 6 7 8 10 11 12 13 14 15 16 17 18 19 20 21 22 23 24 25 26 27 28 29 30 31 32 33 34 35 36 37 38 39 40 41 42 43 44 46 47 48 49 50 51 52 53 54 55 56 57 58 59 62 63 64 65 66 67 69 70 71 72 73 74 75 76 77 78 80 81 82 83 95 96 97
99 98
100 98
101 98
102 33 98
103 98 35
104 24 98
105 98
106
107 106
108 98 107 38
109 98
110
111 77
112 98
113 98
114 98 36
115 98 23
116 115
117 98
118 98 82
119 98 20
120 98
121 98
122 98 28
123 122
124 98
125 98 43
126 98
127 102
128 98
129 103
130
131 130
132 9 131
133 98 30
134 133
135 98
136 98
137 98
138 50
139 104
140 98
141 98 21
142 98
143 26 98
144
145 144
146 98
147 98 76
148 98 31
149 148
150 98
151 144 98
152 98 19
153 98
154 98
155
156 16 98
157 98
158
159 98 155 158
160 159
161 98 110
162 98
163 98
164 98
165 98 29
166 165
167 98
168 98
169 98
170 98
171 98
172 98
173 81
174 98
175 160 98
176 98
177 98
178 98
179
180 98 179
181 98
182 98 37
183 182
184 78
185 152
186 32 98
187 98
188 98
189 8
190 98
191 98
192 98 83
193 98
194 98
195 98
196 98
197 196
198 98
199 98
200 156
201 141
202 80 98
203 98
204 143
205 98
206 98
207 98
208 98 54
209 98
210 186
211 119
212 98 53
213 98
214 98
215 65
216 98
217 98
218 98 43
219 98
220 114
221 98
