#/Library/Python/2.7/site-packages/ipykernel/__main__.py -f /Users/joshamilton/Library/Jupyter/runtime/kernel-eded5738-04c6-4b04-b3d3-2ef89fb8ab28.json
# GMT Thu May 26 21:02:07 2016
# 
0
1
2
3
4
5
6
7
8
9
10
11
12
13
14
15
16
17
18
19
20
21
22
23
24
25
26
27
28
29
30
31
32
33
34
35
36
37
38
39
40
41
42
43
44
45
46
47
48
49
50
51
52
53
54
55 0 1 2 3 4 5 6 7 8 9 10 11 12 13 14 15 16 17 18 19 20 21 22 23 24 25 26 27 28 29 30 31 32 33 34 35 36 37 38 39 40 41 42 43 44 45 46 47 48 49 50 51 52 53 54
56 55
57 46 55
58 55
59 55
60
61 55
62 55
63 55
64 51 55
65
66 55
67 55
68 25 55
69 55
70 55
71 55
72 55
73 60 55
74 55
75 48 55
76 55
77 55
78 55
79 55
80 55
81 55
82 55
83 55
84 55
85 55
86 55
87 55
88 87 55
89 55
90 55
91 50 55
92 65 55
93 39 55
94 93 55
95 55
96 55
97 55
98 42 55
99 94 55
100 55
101 55
102 55
103 55
104 55
105 55
106 55
107 55
108 55
109 55
110 55
111 55
112 55
113 52 55
114 55
115 55
116 55
117 55
118 40 55
119 55
120 55
121 36 55
122 47 55
123 35 55
124 55
125 53 45 55
126 55
127 55
128 33 55
129 55
130 37 55
131 55
132 55
133 55
134 55
135 55
136 55
137 55
138 55
139 29 55
140 44 55
141 55
142 55
143 55
144 28 55
145 55
146 55
147 55
148 55
149 43 55
150 55
151 41 55
152 55
153 49 55
154 55
