#/Library/Python/2.7/site-packages/ipykernel/__main__.py -f /Users/joshamilton/Library/Jupyter/runtime/kernel-eded5738-04c6-4b04-b3d3-2ef89fb8ab28.json
# GMT Thu May 26 20:13:20 2016
# 
0
1
2
3
4
5
6
7
8
9
10
11
12
13
14
15
16
17
18
19
20
21
22
23
24
25
26
27
28
29
30
31
32
33
34
35
36
37
38
39
40
41
42
43
44
45
46
47
48
49 48
50
51
52 0 1 2 3 4 5 6 7 8 9 10 11 12 13 14 15 16 17 18 19 20 21 22 23 24 25 26 27 28 29 30 31 32 33 34 35 36 37 38 39 40 41 42 43 44 45 46 47 49 50 51
53 52
54 44 52
55 25 52
56
57 52
58 52
59 52
60 40 52
61 52 29
62 52
63 52
64 56 52
65 52
66 52
67 52
68 52
69 52 45
70 52
71 52
72 52 30
73 52
74 52
75 52
76 52
77 52
78 52
79 52
80 52
81 52
82 52
83 52
84
85 52
86 52
87 52
88 32 52
89 52
90 17 52
91 90 52
92 52
93 41 52
94 52 47
95 24 52
96 52 95
97 50 52
98 91 52
99 52
100 52
101 52
102 52
103 52
104
105 104 52
106 52
107 52
108 52
109 52
110 52
111 52
112 52
113 52
114 52
115 52
116 52
117 52
118 52
119 52
120 52
121 108 52
122 0 52
123 52
124 52
125 52
126 52
127 52
128 36 52
129 104 52
130 52
131 52
132 52
133 51 52
134 52
135 52 37
136 49 52
137 52
138 52 39
139 52
140 52
141 52
142 52
143 52
144 52
145 52
146 52
147 52
148 52
149 52
150 52
151 52
152 52
153 52
154 43 52
155 52 31
156 84 52
157 52
158 52
159 42 52
160 52
161 52 23
162 52
163 52
164 52
165 52
166 52 14
167 52
