#/Library/Python/2.7/site-packages/ipykernel/__main__.py -f /Users/joshamilton/Library/Jupyter/runtime/kernel-26030804-2a20-4396-87f8-13d6e8f14be9.json
# GMT Sun May 15 17:41:22 2016
# 
0
1
2
3
4
5
6
7
8
9
10
11
12
13
14
15
16
17
18
19
20
21
22
23
24
25
26
27
28
29
30
31
32
33
34
35
36
37
38
39
40
41
42
43
44
45
46
47
48 0 1 2 3 4 5 6 7 8 9 10 11 12 13 14 15 16 17 18 19 20 21 22 23 24 25 26 27 28 29 30 31 32 33 34 35 36 37 38 39 40 41 42 43 44 45 46 47
49 48
50 48
51
52 48 51 46
53 48 22
54 48
55 48
56 48 35
57 48
58 48
59 48
60 48 15
61 48 21
62 48
63 48
64 48
65 48
66 48 23
67 48 33
68 48
69 48
70 16 48
71 48
72 48 19
73 48
74 48 10 47
75 48
76 48
77 48
78 48
79 48
80 48
81 48
82 48
83 48
84 48 44
85
86 48 85
87 48 4
88 48
89 48
90 48
91 48 43
92 48 20
93 48 42
94 48
95 48
96 48
97 48
98 48
99 48
100 48
101 48 30
102 48 15
103 48 37
104 48
105 48 34
106 48
107 48
108 48
109 48
110 48 20
111 48 27
112 48
113 48
114 48 45
115 48
116 48 19 21 22 23
117 48
118 48
119 48
120 48
121 48
122 48
123 48 18
124 48 24
125 48
126 48
127 48
128 48 36
129 48
130 48
131 48
132 48
133 16 48
134 48
135 48
136 48
137 48 39
138 48
139 48 25
140 48
141 48
