#/Library/Python/2.7/site-packages/ipykernel/__main__.py -f /Users/joshamilton/Library/Jupyter/runtime/kernel-d2ab50d1-632e-442f-a3f0-7a049be4bc22.json
# GMT Fri May 13 20:46:36 2016
# 
0
1
2
3
4
5 4
6
7
8
9
10 9
11 10
12
13 12
14 13
15
16
17
18
19
20
21 20
22
23
24
25 16 17 18 19 21 22 23 24
26 25
27 26
28
29
30 29
31 30
32
33 32
34
35 34
36
37 36
38
39
40
41
42
43
44
45 44
46 2
47
48
49 48 47
50 0 1 2 3 5 6 7 8 9 11 14 15 25 26 27 28 31 33 35 37 38 39 40 41 42 43 45 46 49
51
52 51 21
53 52
54
55 25
56
57 56 21
58 57
59
60 25
61
62 21 61
63 25
64 63
65 59 21
66 25
67
68 67 21
69 15
70
71
72
73 50
74
75 74 21
76
77 76 21
78
79 78
80 13 14 79
81 25 21
82 50
83
84 72 21
85 21 70
86 85
87
88
89
90
91
92
93
94
95
96
97
98
99
100 20 21 51 54 56 59 61 67 70 71 72 74 76 83 87 88 89 90 91 92 93 94 95 96 97 98 99
101
102
103 50 102
104 21 71
105 50
106 55
107 96 21
108 25
109 46
110 62
111 60
112 25
113 65
114 25
115 114
116 68
117 50
118 97 21
119 118
120 50
121 25 21
122 77
123 25 21
124 75
125 66
126 50
127 25 21
128 21 94
129 50
130 88 21
131 50
132 50
133 98 21
134 133
135 90 21
136 50
137 25 21 89
138 137
139 25
140 21 87
141 140
142 21 95
143 50
144
145 144 50 69 126 29
146 21 54
147 25
148 112
149 48
150 50
151 25 21
152 25
153 145
154 25
155 99 21
156 155
157 135
158 83 21
159 130
160 91 21
161 25 21 93
162 161
163 92 21
164 25
165 25
166 146
167 25
168 160
169 25 101
170 128
171 25
172 50
173 25
174 50
175 35
176 158
177 25 7
178 50 28
179 104
180 37
181 84
182 25 21
