#/Library/Python/2.7/site-packages/ipykernel/__main__.py -f /Users/joshamilton/Library/Jupyter/runtime/kernel-d2ab50d1-632e-442f-a3f0-7a049be4bc22.json
# GMT Fri May 13 20:46:33 2016
# 
0
1 0
2
3
4
5
6 5
7
8
9
10
11
12
13
14
15
16
17
18
19 16 17 18
20 19
21
22
23
24
25
26
27
28
29
30
31
32
33
34
35 34
36 29
37
38
39
40
41
42
43
44
45
46 0 1 2 3 4 6 7 8 9 10 11 12 13 14 15 16 17 20 21 22 23 24 25 26 27 28 29 30 31 32 33 34 35 36 37 38 39 40 41 42 43 44 45
47 46
48 46
49 46
50
51
52 50 51
53 52
54 53
55 54
56 55
57 46
58
59 46
60 43 46
61 22
62 46 31
63 33
64 46
65 27
66 20
67 35
68
69
70 19 69 46
71 46
72 46 23
73 38
74
75 74 46
76 46 31
77 44
78 46
79
80 46 79
81 53 54 55
82 46
83 68 5
84 46 31
85 46 31
86 46 31
87
88 46 87
89
90 46
91 24
92 46 31
93
94 46
95
96 93 46 95
97 96
98 46
99 42
100 33
101 46 31
102 40 46
103 46 31
104 58 46 7
105 56 81 46
106 105 46
107 46
108 34
109 39
110 36
111 97 46
112 41 46
113 46 31
114 46
115 104
116 33
117 46
118
119 118 46
120 66
121 46 31
122 37
123 46
124 18 46
125 3
126 46 31
127 89 46
128 46 31
129 66
130 46
131 46
132 25 46
133 46
134 46
135 46
136 6
137 46
138 46
139 32 31
140 21
141 46
142 44
143 46 31
144 46
145 28
146 46 31
