#/Library/Python/2.7/site-packages/ipykernel/__main__.py -f /Users/joshamilton/Library/Jupyter/runtime/kernel-d2ab50d1-632e-442f-a3f0-7a049be4bc22.json
# GMT Fri May 13 20:46:00 2016
# 
0
1
2 0 1
3
4 3
5
6
7 5 6
8
9 8
10 9
11 10
12 11
13 12 7
14 13
15 14
16 8 9 10 11 12 13 14 15
17 15
18
19
20 19
21
22
23 22
24 23
25
26
27
28
29
30
31
32
33
34
35
36
37
38
39
40
41
42
43
44
45
46
47
48
49
50
51
52
53
54
55
56
57
58
59
60
61
62
63
64
65 64
66
67 32
68
69
70 69
71 70
72
73
74
75
76
77
78
79
80
81
82
83
84
85
86 85
87
88
89
90
91
92
93
94
95 2 3 4 16 17 18 19 20 21 22 23 24 25 26 27 28 29 30 31 32 33 34 35 36 37 38 39 40 41 42 43 44 45 46 47 48 49 50 51 52 53 54 55 56 57 58 59 60 61 62 63 65 66 67 68 70 71 72 73 74 75 76 77 78 79 80 81 82 83 84 86 87 88 89 90 91 92 93 94
96 95
97 95
98
99 95
100
101 95 55
102 57 95
103 95
104 46 95
105 73
106 45 95
107 95
108 95
109 89
110
111 110 62 95
112
113 87
114 95
115 95
116 58 95
117 106
118
119 118 95
120 92 95
121 41 95
122 84 95
123 95
124 95
125 50 95
126 125
127 95
128 30
129 95
130 101
131 102
132
133 132 69
134 52 95
135 134
136 95
137 95
138 95
139 19
140 104
141 95
142 42 95
143 95
144 48 95
145 95
146 100 95
147 53 95
148 147
149 98 95
150 149 95
151 95
152 40 95
153 95
154
155 36 95
156 95
157
158 154 157 95
159 158
160 112 95
161 95
162 95
163 95
164 51 95
165 164
166 95
167 95
168 95
169 95
170 95
171 95
172 95
173 91
174 95
175 159 95
176 95
177 95
178 89
179
180 179 95
181 95
182 59 95
183 182
184 90
185 152
186 54 95
187 95
188 78
189 95
190 95
191 94 95
192 95
193 95
194 95
195 121
196 172
197 95
198 95
199 155
200 142
201 86 95
202 93 95
203 95
204 144
205 95
206 95
207 95
208 61 95
209 95
210 186
211 95
212 26 95
213 88
214 95
215 83
216 95
217 30
218 116
219 95
220 95
