#/Library/Python/2.7/site-packages/ipykernel/__main__.py -f /Users/joshamilton/Library/Jupyter/runtime/kernel-26030804-2a20-4396-87f8-13d6e8f14be9.json
# GMT Sun May 15 17:40:57 2016
# 
0
1
2
3
4
5
6
7
8
9
10
11
12
13
14
15
16
17
18
19
20
21
22
23
24
25
26
27
28
29
30
31
32
33
34
35
36
37
38
39
40 39
41
42
43
44
45
46
47
48
49
50
51
52 0 1 2 3 4 5 6 7 8 9 10 11 12 13 14 15 16 17 18 19 20 21 22 23 24 25 26 27 28 29 30 31 32 33 34 35 36 37 38 40 41 42 43 44 45 46 47 48 49 50 51
53 52
54 52
55 52 7
56 52
57 52
58 52
59 52
60 48 52
61 52
62 52
63 52
64 41 52
65 16 52
66 52
67 52
68 52
69 52
70 52
71 52 13
72 52
73 52
74 52
75 52
76 52
77 52
78 52
79 52
80 52
81 52
82 52
83 52
84 52
85 52
86 52
87 52
88 52
89 52 45
90 52
91 52
92 52
93 52
94 52
95 52
96 52 87
97 52
98 52
99 36 52
100 52
101 52 47
102 40 52
103 50 52
104 52
105 52
106 52 30
107 52
108 52
109 52
110 52
111 52
112 52
113 52 46
114 52
115 52
116 49 52
117 52
118 52
119 52
120 52
121 52 6
122 44 52
123 52
124 52
125 52
126 52
127 51 52
128 52
129 52
130 16 52
131 52
132 52
133 52
134 52
