#/Library/Python/2.7/site-packages/ipykernel/__main__.py -f /Users/joshamilton/Library/Jupyter/runtime/kernel-d2ab50d1-632e-442f-a3f0-7a049be4bc22.json
# GMT Fri May 13 20:46:00 2016
# 
0
1
2
3
4
5
6
7
8
9
10
11
12 10 11
13 12
14
15 14
16
17
18
19 18
20 19
21 20
22 21
23
24
25
26
27 25 26
28 27 22
29
30
31
32
33 16
34
35
36
37 36
38
39
40
41
42
43 37
44
45
46
47
48
49
50
51
52
53
54
55
56
57
58
59
60
61
62
63
64
65
66
67
68
69
70
71
72
73
74
75
76
77
78
79
80
81 80
82
83 82
84
85 0 1 2 3 4 5 6 7 8 9 11 13 14 15 16 17 18 19 20 21 22 23 24 28 29 30 31 32 33 34 35 36 37 38 39 40 41 42 43 44 45 46 47 48 49 50 51 52 53 54 55 56 57 58 59 60 61 62 63 64 65 66 67 68 69 70 71 72 73 74 75 76 77 78 79 81 83 84
86 0 85
87 85 53
88 87
89 44 85
90
91
92 85
93 85
94 66 85
95 68 85
96 85
97 90 85
98 97 85
99 85 63
100 58 85
101 85
102 85
103 85 54
104 85
105 85
106 85
107 73
108 78 79
109 69 85
110 85
111 85
112 57 85
113
114 113
115 8 114 85
116 85
117 85 62
118 117
119 85
120 9
121 85
122 94
123 85
124
125 124 85
126 99
127 85
128 85
129 14
130 100
131 85
132 85
133 85 55
134
135 85
136 60 85
137 85
138 85
139
140 91 139 85
141 85
142 72 85
143 85
144 71
145 85 134
146 64 85
147 146
148 85 46
149 85
150 85
151 85
152 85
153
154 49 85
155 85
156
157 153 156 85
158 157
159 85
160 85
161
162 95
163 85
164 50 85
165 164
166 85
167 85
168 85
169 46
170 85
171 85
172 59 85
173 77
174 85 158
175 85
176 85
177 85
178
179 178 85
180 85
181 85
182 85 70
183 182
184 75
185
186 185
187 186 85
188 161 85
189 65 85
190 85
191
192 85 191
193 1
194 85
195 85
196 76 85
197 85
198 85
199 172
200 85
201 85
202 85
203 85
204 85 159
205 133
206 81 85
207 85
208 85
209 136
210 85
211 85
212 85
213 103
214 189
215 112
216 85
217 201
218 85
219 85
220 85
221 9
222 45
223 154
224 85
225 109
226 85
227 85
