#/Library/Python/2.7/site-packages/ipykernel/__main__.py -f /Users/joshamilton/Library/Jupyter/runtime/kernel-d2ab50d1-632e-442f-a3f0-7a049be4bc22.json
# GMT Fri May 13 20:46:33 2016
# 
0
1 0
2
3
4
5
6
7
8
9
10
11
12
13 12
14
15
16
17
18
19
20 0 1 2 3 4 5 6 7 8 9 10 11 13 14 15 16 17 18 19
21
22 20 21
23 22
24 22
25
26 11
27 25 26 20
28 18 19 20
29 22
30 24
31
32 20 31
33 22
34
35 34 22
36 5
37 34 22
38
39 8 20 38
40 23
41 22
42 15 31
43
44 22
45 44
46 13
47 46
48 22
49 48
50 20
51 34 22
52 34 22
53 20
54 53
55 22
56 17
57 20
58 9
59 22
60 22
61 10
62 22
63 62
64 20
65 28
66 34 22
67 20
68 22
69 22
70 69
71 20
72 34 22
73 15
74 22
75 20
76 60
77 29
78
79 43 20
80 20
81 34 22
82 46
83 22
84 34 22
85 42 15 31
86 34 22
87 20
88 4
89 34 22
90 34 22
91 34 22
92 42 15 31
93 58
94 41
95 20 78
96 34 22
97 34 22
98 20
