#/Library/Python/2.7/site-packages/ipykernel/__main__.py -f /Users/joshamilton/Library/Jupyter/runtime/kernel-d2ab50d1-632e-442f-a3f0-7a049be4bc22.json
# GMT Fri May 13 20:46:01 2016
# 
0
1
2 1
3
4
5
6
7
8
9
10
11
12
13
14 12 13
15
16
17
18
19
20 19
21 20
22 21
23 22
24
25
26 24 25
27 26 23
28 27
29 28
30 19 20 21 22 23 27 28 29
31 29
32 30 31
33
34
35 34
36 35
37
38 37
39
40
41
42 41
43
44
45
46
47
48
49
50 49
51 50
52 38
53 52
54
55
56
57
58
59
60
61
62
63
64
65
66
67
68
69
70
71
72
73
74
75
76
77
78
79
80
81
82
83
84
85
86
87
88
89
90
91
92
93 92
94 93
95
96
97
98
99 0 1 2 3 4 5 6 7 8 9 10 11 14 15 16 17 18 32 33 34 35 36 37 38 39 40 41 42 43 44 45 46 47 48 49 51 53 54 55 56 57 58 59 60 61 62 63 64 65 66 67 68 69 70 71 72 73 74 75 76 77 78 79 80 81 82 83 84 85 86 87 88 89 90 91 94 95 96 97 98
100 99
101 99
102 80 99
103 90
104 99 71
105 99 70
106 99
107 99
108
109
110 99
111 106
112 99 83
113 105
114 99 85
115
116 115 99
117 67 99
118
119 118
120 52 53 119
121 99
122 99
123 99
124 99
125 75 99
126 125
127 48
128 102
129 99
130 82 99
131 130
132 99 77
133 132
134 99
135 99
136 1
137 104
138 99
139 99
140 99
141 73 99
142 99
143 99
144 99
145 99 78
146 145
147 99 4
148 99
149 148
150 99
151 99
152 66 99
153 99
154 99 63
155 99
156 99
157 99 108
158 99
159 99
160 99 76
161 160
162 99
163 99
164 99 109
165 99
166 99
167 99
168
169 168 99
170 99 84
171 170
172 154
173 152
174 99 79
175 99
176
177 3
178 99
179 99 68
180 103
181 72 99
182 181
183 99
184 99
185 99
186 99
187 99 158
188 99
189 179
190 176 99
191 99
192 141
193 99
194 99
195 99 86
196 99
197 174
198 117
199 99 5
200 99
201 99
202 99
203 48
204 99
205 112
206 99
