#/Library/Python/2.7/site-packages/ipykernel/__main__.py -f /Users/joshamilton/Library/Jupyter/runtime/kernel-eded5738-04c6-4b04-b3d3-2ef89fb8ab28.json
# GMT Thu May 26 20:13:16 2016
# 
0
1
2
3
4
5
6
7
8
9
10
11
12
13
14
15
16
17
18
19
20
21
22
23
24
25
26
27
28
29
30
31
32
33
34
35
36
37
38
39
40
41
42 0 1 2 3 4 5 6 7 8 9 10 11 12 13 14 15 16 17 18 19 20 21 22 23 24 25 26 27 28 29 30 31 32 33 34 35 36 37 38 39 40 41
43 42
44 42 39
45 42
46
47 42
48 42
49 42 28
50 42
51 42
52 42
53 42 46
54 42
55 42
56 42 29
57 42
58 42
59 42
60 42 2
61 42
62 42
63 42
64 42
65 42
66 42
67 42 31
68 42
69 42 35
70 42
71 42 37
72 42
73 25 42
74 42
75 42
76 42
77 42
78 42
79 42 38
80 42
81 42
82
83 42
84 42
85 42
86 42 82
87 42
88 42
89 42
90 42
91 42
92 42
93 42
94 42
95 42
96 42 78
97 0 42
98 42
99 42
100 42
101 42
102 42
103 42
104 42
105 42
106 42
107 42
108 42 21
109 41 42
110 42
111 42 36
112 42
113 42
114 42
115 40 42
116 42
117 42
118 42
119 42
120 42
121 42
122 42
123 42
124 42
125 42 30
126 16 42
127 42
128 42
129 32 42
130 42
131 42
132 42
133 17 42
134 42
135 42
136 42
