#/Library/Python/2.7/site-packages/ipykernel/__main__.py -f /Users/joshamilton/Library/Jupyter/runtime/kernel-d2ab50d1-632e-442f-a3f0-7a049be4bc22.json
# GMT Fri May 13 20:46:37 2016
# 
0
1
2
3
4
5
6
7 6
8
9
10
11 10
12 11
13 12
14 13
15
16
17 16 15
18 17 14
19 18
20 19
21 10 11 12 13 14 18 19 20
22 20
23 21 22
24
25
26
27
28 27
29
30
31
32
33
34
35
36
37 30
38 37
39
40
41
42
43
44
45
46
47
48
49
50
51
52
53
54
55
56
57
58
59
60
61
62
63
64
65
66
67
68 67
69 68
70 7
71
72
73
74
75 74
76
77 0 1 2 3 4 5 7 8 9 23 24 25 26 27 28 29 30 31 32 33 34 35 36 38 39 40 41 42 43 44 45 46 47 48 49 50 51 52 53 54 55 56 57 58 59 60 61 62 63 64 65 66 69 70 71 72 73 75 76
78 77
79 77
80 34 77
81 80
82 77
83 60 77
84 77 62
85 77
86 65
87 52 77
88 66
89 48 77
90 77
91 77
92 77
93 0
94 77
95
96 77
97 77 63
98
99 51 77
100
101 100
102 39 101 77
103 77
104 56 77
105 104
106 77
107 83
108 84
109 57 77
110 109
111 77
112 77
113 77
114 27
115 87
116 77
117 49 77
118 77
119 77 54
120 77
121 77
122 77
123 77
124 77
125 77 47
126 77
127 77
128 77
129 77
130 77 95
131 77
132 77
133 77
134 77
135 44 77
136 135
137 77
138 77
139 33 26 77
140 43 77
141 77
142 77
143 77
144 77 53
145 58 77
146 77
147 77
148 0
149 117
150 77
151 64 77
152 151
153
154 153
155 154 77
156 125
157 59 77
158 77
159
160 77 159
161 5
162 77
163 77
164 77
165 86
166 145
167 77
168 144
169 77
170 77
171 140
172 131 77
173 77
174 98 77
175 77
176 119
177 77
178 77
179 77
180 89
181 77
182 157
183 99
184
185 184 77 6
186 34 77
187 77
188 77
189 77
190 97
191 77
