#/Library/Python/2.7/site-packages/ipykernel/__main__.py -f /Users/joshamilton/Library/Jupyter/runtime/kernel-26030804-2a20-4396-87f8-13d6e8f14be9.json
# GMT Sun May 15 17:41:23 2016
# 
0
1
2
3
4
5
6
7
8
9
10
11
12
13
14
15
16
17
18
19
20
21
22
23
24
25
26
27
28
29
30
31
32
33
34
35
36
37
38
39
40
41
42
43 0 1 2 3 4 5 6 7 8 9 10 11 12 13 14 15 16 17 18 19 20 21 22 23 24 25 26 27 28 29 30 31 32 33 34 35 36 37 38 39 40 41 42
44 43
45 43
46 43
47 43
48 43 27
49 43
50 43
51 43
52 43
53 43
54 43
55 43
56 43
57 26 43
58 43
59 43 14
60 43
61 43
62 10 43
63 43
64 43
65 43
66 43
67 43
68 43 22
69 43
70 43
71 43
72 43
73 43 36
74 35 43 39
75 43
76 43
77 43
78 43 23
79 43
80 43
81 43
82 43
83 43
84 43
85 43 37
86 43
87 43
88 43
89 43
90 43
91 43
92 43
93 40 43
94 43
95 43
96 43
97 43
98 43 38
99 34 43
100 43 84
101 43
102 43
103 43
104 43
105 43 28
106 43
107 43
108 43
109 43
110 33 43
111 43
112 43
113 43
114 43
115 43
116 42 43
117 43
118 43
119 43
120 43
121 43
122 43
123 43
124 41 43
125 43
126 43
127 43
128 43
129 43
130 43
131 24 43
132 9 43
133 43
134 43
135 43
136 43 14
137 43
138 43
139 43
140 43
