#/Library/Python/2.7/site-packages/ipykernel/__main__.py -f /Users/joshamilton/Library/Jupyter/runtime/kernel-26030804-2a20-4396-87f8-13d6e8f14be9.json
# GMT Sun May 15 17:40:57 2016
# 
0
1
2
3
4 3
5
6
7
8
9
10
11
12
13
14
15
16
17
18
19
20
21
22
23
24
25
26
27
28
29
30
31
32
33
34
35
36
37
38 0 1 2 3 4 5 6 7 8 9 10 11 12 13 14 15 16 17 18 19 20 21 22 23 24 25 26 27 28 29 30 31 32 33 34 35 36 37
39 38
40 38
41 38
42 38
43 38
44 38 31
45 38
46 38
47 38
48 38
49 22 38
50
51
52 50 51 38
53 38
54 8 38
55 38
56 38
57 38
58 38
59 38
60 38
61 38 31
62 38
63 38
64 38
65 38
66 38
67 38
68 38
69 38
70 38
71 38
72 38
73 50 51 38
74 38
75 38
76 38
77 38
78
79 32 38
80 35 38
81 38
82 38
83 38
84 38
85 38
86 38
87 38
88 78 38
89 38
90 38
91 38 31
92 30 38
93 38
94 20 38
95 38
96 38
97 38
98 38
99 33 38
100 36 38
101 38
102 38
103 38
104 38
105 38
106 38
107 34 38
108 38
109 38
110 37 38
111 38
112 38
113 38
114 38
115 38
116 38
117 38
118 1 38
119 38
120 38
121 16 38
122 38
123 8 38
124 38
125 38
126 38
127 38
