#/Library/Python/2.7/site-packages/ipykernel/__main__.py -f /Users/joshamilton/Library/Jupyter/runtime/kernel-d2ab50d1-632e-442f-a3f0-7a049be4bc22.json
# GMT Fri May 13 20:46:35 2016
# 
0
1
2 1
3 2
4
5
6
7
8
9
10
11 7
12
13
14
15
16 15
17 16
18
19
20
21 19 20
22 21
23
24
25
26
27
28 0 1 3 4 5 6 7 8 9 10 11 12 13 14 17 18 19 22 23 24 25 26 27
29
30 4 29
31
32 28
33
34 33
35
36 35
37 28 36
38
39 28 38
40 22
41
42 41 34 28 15
43 28
44
45 3 28
46 28
47 6
48 8
49 0 1 2 44 20 24 25 26 27
50
51
52 51 28
53 40
54 0 21 31
55
56 28
57 40
58 5
59 7
60 28 55
61 28
62 8
63 50 28
64 44
65 8
66 28
