#/Library/Python/2.7/site-packages/ipykernel/__main__.py -f /Users/joshamilton/Library/Jupyter/runtime/kernel-26030804-2a20-4396-87f8-13d6e8f14be9.json
# GMT Sun May 15 17:40:56 2016
# 
0
1
2
3
4
5
6
7
8
9
10
11
12
13
14
15
16
17
18
19
20
21
22
23
24
25
26
27
28
29
30
31
32
33
34
35
36
37
38
39
40
41
42
43
44 43
45
46
47
48
49
50
51
52 0 1 2 3 4 5 6 7 8 9 10 11 12 13 14 15 16 17 18 19 20 21 22 23 24 25 26 27 28 29 30 31 32 33 34 35 36 37 38 39 40 41 42 44 45 46 47 48 49 50 51
53 52
54 52
55 52
56 52
57 52
58 28 52
59 42 52
60 52
61 52
62 52 31
63 52
64 52
65 52
66 52
67 52 39
68 52
69
70 52 69
71 52
72 52
73 52
74 52
75 52
76
77 17 52
78 52
79 52
80 52 47
81 76 52
82 52
83
84 52
85 50 52
86 52
87 52
88 52
89 35 52 30
90 52
91 52 37
92 83 52
93 52
94 52 14
95 52
96 52
97 52
98 52 69
99 52
100 52
101 34 52
102 52
103 16 52
104 52
105 52
106 52
107 52
108 52
109 52
110 52
111 52
112 52
113 52
114 52
115 52
116 52
117 52
118 52
119 52 102
120 52
121 52
122 52
123 52
124 49 52
125 52
126 24 52
127 52 44
128 52
129 52
130 52
131 52
132 52 46
133 52
134 52
135 52
136 52 5
137 136 52
138 52
139 52
140 52
141 52
142 52
143 52
144 52
145 52
146 52
147 52
148 52
149 52
150 52
151 52
152 52
153 48 52
154 52 45
155 3 52
156 52
157 32 52
158 52
159 26 52
160 52
161 52
162 52 15
163 52
164 52
165 33 52
