#/Library/Python/2.7/site-packages/ipykernel/__main__.py -f /Users/joshamilton/Library/Jupyter/runtime/kernel-d2ab50d1-632e-442f-a3f0-7a049be4bc22.json
# GMT Fri May 13 20:46:33 2016
# 
0
1 0
2 1
3 2
4 3
5
6
7 5 6
8 4 7
9 8
10 9
11 0 1 2 3 4 8 9 10
12 10
13 11 12
14
15
16
17
18
19
20 19
21
22
23
24
25 24
26
27
28
29
30
31 30
32
33
34 25
35
36 35
37 36
38
39
40
41
42 41
43
44 13 14 15 16 17 18 20 21 22 23 25 26 27 28 29 31 32 33 34 36 37 38 39 40 42 43
45 44
46 44
47 44
48
49 48 44
50 44
51 44
52 44
53 28
54 44
55
56 44 55
57
58 57
59
60 32 35 40 41 44 58 59
61
62 17 44 61
63
64 63
65 64 59
66 44 55
67 32
68 44
69 44
70
71 24 70
72 44 55
73 44 55
74 44 55
75 44
76 44
77 44 55
78
79 44
80 44
81 44 55
82 44 55
83 44
84 44 39
85 78
86 44
87 44
88 44 55
89 44
90
91 32 37 44 78 48 17 18 90 30
92 44 55
93 23
94 44 55
95 44 55
96 44
97 44
98 44
99 44
100 44
101 26
102 44
103 29
104 97 78
105 44
106 32
107 44 55
108 44 55
109 90
