#/Library/Python/2.7/site-packages/ipykernel/__main__.py -f /Users/joshamilton/Library/Jupyter/runtime/kernel-26030804-2a20-4396-87f8-13d6e8f14be9.json
# GMT Sun May 15 17:41:24 2016
# 
0
1
2
3
4
5
6
7
8
9
10
11
12
13
14
15
16
17
18
19
20
21
22
23
24
25
26
27
28
29
30
31
32
33
34
35
36
37
38
39
40
41
42
43
44
45
46
47
48
49
50
51
52 0 1 2 3 4 5 6 7 8 9 10 11 12 13 14 15 16 17 18 19 20 21 22 23 24 25 26 27 28 29 30 31 32 33 34 35 36 37 38 39 40 41 42 43 44 45 46 47 48 49 50 51
53 52
54 52
55 52 47
56 52 55
57 52
58 52
59 9 52
60 52
61 52
62 52 15
63 52 29
64 52 7
65 52
66 52
67 52
68 52
69 52
70 27 52
71 52
72 52
73 52
74 52
75 43 52
76 52 46
77 52
78 52
79 52
80 1 52
81 52
82 52
83 52
84 52 7
85 52
86 48 52
87
88 42 52 87
89 49 52
90 41 52
91 45
92 52
93 52
94 52
95 52
96 28 52
97 52
98 52
99 9 52
100 52
101 52 37
102 52
103 52
104 52
105 52 31
106 52 22
107 52 15
108 52
109 52
110 52
111 52
112 52
113 52
114 32 52
115 52 15
116 52
117 52
118 50 51
119 52 15
120 52
121 25 52
122 52
123 52 38
