#/Library/Python/2.7/site-packages/ipykernel/__main__.py -f /Users/joshamilton/Library/Jupyter/runtime/kernel-d2ab50d1-632e-442f-a3f0-7a049be4bc22.json
# GMT Fri May 13 20:46:35 2016
# 
0
1
2
3
4
5
6
7
8
9
10
11
12
13
14
15
16 13
17
18
19
20
21
22
23
24
25
26 25
27 24 26 23
28 27
29
30 29
31
32
33
34
35
36
37
38
39
40
41
42
43
44
45
46
47
48
49
50
51
52
53
54 0 1 2 3 4 5 6 7 8 9 10 11 12 13 14 15 16 17 18 19 20 21 22 23 26 28 29 30 31 32 33 34 35 36 37 38 39 40 41 42 43 44 45 46 47 48 49 50 51 52 53
55 54
56 54
57 45 54
58 54
59 49 54
60 51 54
61 31
62 15
63 54
64 41 54
65 16
66 54
67 54
68 54
69 28
70 54
71 52 54
72
73 72 27 54
74 40 54
75 38 54
76 54
77 54
78 22
79 57
80 54
81 54
82 12
83 59
84 46 54
85 84
86 54
87 54
88 64
89 54
90 54
91 43 54
92 54
93 75
94 54
95 37 54
96
97 96 54
98
99 54
100 54
101 60
102 54 47
103 35 54
104 103
105 54
106 61 54
107 54
108 34 54
109 54
110 54
111 98 54
112 54
113 54
114 54
115 53 54
116 115
117 95
118 48 54
119 54
120 54
121 54 39
122 62
123 102
124 42 54
125 124
126 18
127 54
128 54
129 108
130 121
131 91
132 54
133 54
134 54
135 118
136 11
137 22 54
138
139 138 54
140 74
141 54
142 12
143 71
144 54
