#/Library/Python/2.7/site-packages/ipykernel/__main__.py -f /Users/joshamilton/Library/Jupyter/runtime/kernel-d2ab50d1-632e-442f-a3f0-7a049be4bc22.json
# GMT Fri May 13 20:46:35 2016
# 
0
1
2
3
4
5
6
7 5 6
8
9
10
11
12
13
14 13
15
16
17 14
18 16 17
19
20
21 20
22
23
24 10
25
26
27 26
28 27
29
30
31
32
33
34
35
36
37
38
39
40
41
42
43
44
45
46
47
48
49
50
51
52
53
54
55
56
57
58
59
60
61
62
63
64
65
66
67 0 1 2 3 4 5 6 7 8 9 10 11 12 14 15 18 19 20 21 22 23 24 25 28 29 30 31 32 33 34 35 36 37 38 39 40 41 42 43 44 45 46 47 48 49 50 51 52 53 54 55 56 57 58 59 60 61 62 63 64 65 66
68 67
69 67
70 67
71 70
72 67 55
73 67
74 67 59
75 67 61
76 67 51
77 24
78 31
79 67
80 67 52
81 71
82 81
83 82
84 83
85 34 67
86 67
87 67 62
88 67 46
89 88
90 2
91
92 2 67
93 49 67
94 67
95 67
96 67
97 28
98
99 98 90
100 98 90
101 72
102 67
103 67
104 74
105 67
106 75
107
108 26 107
109 2 67
110 56 67
111 110
112 67
113 67
114 67
115 76
116 67
117 67
118 84
119 67 53
120 67
121
122 67
123 67
124 67
125 67 45
126 67
127 91 67
128 67
129
130 24 121
131 67
132 67
133 67
134 57 67
135 42 67
136 135
137 67
138 41 67
139 67
140 67
141 17
142 129 67
143 24 121 23
144 67 63
145 144
146 125
147 58 67
148 91
149 67
150 67
151 67 47
152 134
153 80
154 27
155 67
156 138
157 67
158 151
159 119
160 67
161 77
162 35 67
163 67
164 7
165 7
166 147
167 93
168 33 67
169 67
170 67
171 6
172 87
173 67
