#/Library/Python/2.7/site-packages/ipykernel/__main__.py -f /Users/joshamilton/Library/Jupyter/runtime/kernel-eded5738-04c6-4b04-b3d3-2ef89fb8ab28.json
# GMT Thu May 26 21:02:14 2016
# 
0
1
2
3
4
5
6
7
8
9
10
11
12
13
14
15
16
17
18
19
20
21
22
23
24
25
26
27
28
29
30
31
32
33
34
35
36
37
38
39
40
41
42
43 0 1 2 3 4 5 6 7 8 9 10 11 12 13 14 15 16 17 18 19 20 21 22 23 24 25 26 27 28 29 30 31 32 33 34 35 36 37 38 39 40 41 42
44 43
45 41 43
46 43
47
48 43
49 43
50 43
51 32 43
52 43
53 43
54 43
55 43
56 43
57 43 47
58 43
59 43
60 43
61 33 43
62 43
63 43
64 43
65 43
66 43 4
67 43
68 43
69 43
70 43
71 43
72 43
73 35 43
74 43
75
76 43
77 40 43
78 43
79 42 43
80 75 43
81 43
82 43 6
83 43
84 43
85 43
86
87 43 86
88 43
89 43
90 43
91 43
92
93 43
94 43
95 43 92
96 43
97 43
98 43
99 43
100 43
101 43
102 43
103 43
104 89 43
105 43 5
106 43
107 43
108 43
109 43
110 43
111 43 36
112 43
113 43
114 43
115 43
116 25 43
117 43
118 43 38
119 43
120 43
121 43
122 43
123 43 39
124 43
125 43
126 43
127 43
128 43
129 43
130 43
131 43
132 43
133 43
134 43
135 34 43
136 43
137 43 29
138 43
139 43
140 43
141 43 23
142 43
143 43
144 43
