#/Library/Python/2.7/site-packages/ipykernel/__main__.py -f /Users/joshamilton/Library/Jupyter/runtime/kernel-d2ab50d1-632e-442f-a3f0-7a049be4bc22.json
# GMT Fri May 13 20:46:36 2016
# 
0
1
2
3
4
5
6
7
8
9
10
11
12
13
14
15
16
17
18
19
20
21
22
23
24
25
26
27
28
29
30
31
32
33
34
35
36
37 0 1 2 3 4 5 6 7 8 9 10 11 12 13 14 15 16 17 18 19 20 21 22 23 24 25 26 27 28 29 30 31 32 33 34 35 36
38 37
39
40
41 40
42
43
44
45
46
47
48
49
50
51
52
53
54
55
56
57
58
59
60 59
61 60
62 61
63 62
64
65
66 64 65
67 66 63
68 67
69 68
70 67 68 69 59 60 61 62 63
71 69
72 70 71
73
74
75
76 75
77 76
78
79
80 39 40 41 42 43 44 45 46 47 48 49 50 51 52 53 54 55 56 57 58 72 73 74 77 78 79
81 37
82 80
83 37 21
84 37
85 25 37
86 27 37
87 80
88 17 37
89 79
90 80 46
91
92 91 37
93 37
94 55
95 37
96 28 37
97 80 1 39
98 37 15
99 12 37
100 37
101 80
102 37
103 83
104 37
105 56
106 85
107 86
108 37 22
109 108
110
111 37 110
112 37 30
113 37
114
115 114 37
116 88
117 37
118 80
119 35 37
120 19 37
121 77
122 80
123 37 23
124 123
125
126 37
127 11 37
128 37 125
129 37
130 80
131 39
132 114 37
133 37
134 8 37
135 134
136 35 37
137 80
138
139 37 7
140 33
141 37
142 80 138
143 37 110
144 5
145 55
146
147 80 146
148 80
149 29 37
150 149
151 80
152 127
153 24 37
154 37
155 37
156 37 31
157 13 37
158 91 37
159 18 37 125
160 159
161 36
162 76
163 139
164 157
165 80
166 120
167 37
168 0
169 34
170 99
171 37
172 41
173 41
174 153
175
176 75 175
177 80 54
178 98
179 74
180 32
181 40
182 56
183 96
184 37 31
