#/Library/Python/2.7/site-packages/ipykernel/__main__.py -f /Users/joshamilton/Library/Jupyter/runtime/kernel-eded5738-04c6-4b04-b3d3-2ef89fb8ab28.json
# GMT Thu May 26 21:02:07 2016
# 
0
1
2
3 2
4
5
6
7
8
9
10
11
12
13
14
15
16
17
18
19
20
21
22
23
24
25
26
27
28
29
30
31
32
33
34
35
36
37
38
39
40
41
42
43
44
45
46
47
48
49
50
51
52
53
54
55
56
57 0 1 2 3 4 5 6 7 8 9 10 11 12 13 14 15 16 17 18 19 20 21 22 23 24 25 26 27 28 29 30 31 32 33 34 35 36 37 38 39 40 41 42 43 44 45 46 47 48 49 50 51 52 53 54 55 56
58 57 42
59 57 54
60 57 35
61 57
62 57
63 57 22
64 57
65 57
66 57
67 57
68 40 57
69 57
70 57
71 57 23
72 57
73 57
74 57
75 57 6
76 57
77 57
78 57
79 57
80 57
81 57
82 57 28
83 57
84 57 53
85 57 43
86 57
87 57 20
88 57 47
89 57 31
90 57
91 57
92 57
93 57
94 57
95 57
96 57
97 57 45
98 57
99 57
100 57
101 57
102 57 37
103 57
104 57
105 57 49
106 57
107 57
108 57
109 57
110 57 46
111 48 57
112 33 57
113 41 57
114 57 29
115 57 26
116 57
117 57 21
118 56 57
119 57
120 57 50
121 57
122 57
123 57 55
124 57 30
125 57
126 57 44
127 57
128 57
129 32 57
130 57
131 57
132 57 39
133 25 57
134 57 12
135 57 38
136 57
137 57 27
138 57 34
139 57
140 57
141 57 15
142 57 36
143 57
144 57
