#/Library/Python/2.7/site-packages/ipykernel/__main__.py -f /Users/joshamilton/Library/Jupyter/runtime/kernel-d2ab50d1-632e-442f-a3f0-7a049be4bc22.json
# GMT Fri May 13 20:46:35 2016
# 
0
1 0
2 1
3 2
4 3
5
6
7
8
9
10
11
12
13 11 12
14 4 13
15
16 15
17
18
19
20
21
22
23
24
25
26
27
28
29
30
31
32
33
34
35
36
37
38
39
40
41
42
43
44
45
46
47
48
49
50
51
52
53
54 53
55
56
57
58 49
59
60 0 1 2 3 4 5 6 7 8 9 10 14 15 16 17 18 19 20 21 22 23 24 25 26 27 28 29 30 31 32 33 34 35 36 37 38 39 40 41 42 43 44 45 46 47 48 49 50 51 52 53 54 55 56 57 58 59
61 60
62 57 59 60
63 60
64
65 60
66 60 44
67 60 46
68 19
69 41 60
70 35 60
71 60
72 60
73
74 73
75 74
76 60
77 60
78 74 77
79 60
80 60
81 60 47
82
83 82 60
84 33 60
85 60
86 60 30
87 60
88 60
89 60
90 60 39
91 90
92 60
93 60
94 66
95 67
96 69
97 60
98 60
99 60
100 60
101 60
102 53
103 70
104 60
105 60
106 60 31
107 60
108 107
109 60
110 60 37
111 60
112
113 68 105 60 112 56
114 86
115 60
116 64 60
117 116 60
118
119
120 60 119
121 60
122 60 29
123 60
124 60
125 93
126 60
127
128 60 127
129 60
130 60
131 60
132 60
133 26 60
134 133
135 60
136 60 118
137 60
138 119
139 25 60
140 60
141 60
142 60
143 60
144 42 60
145 60
146 60
147 74
148
149 60 148
150 48 60
151 150
152 60
153 122
154 43 60
155 60
156 60
157 60
158 144
159 16
160 60
161 36 60
162 161
163 60
164 62
165 60
166 139
167 60 127
168 106
169 110
170 60
171 60
172 60
173 60
174 60
175 60
176 60
177 154
178
179 178 60
180 60
181 108
182 60 181
183 84
184 55
185 60
186 81
187 60
