#/Library/Python/2.7/site-packages/ipykernel/__main__.py -f /Users/joshamilton/Library/Jupyter/runtime/kernel-d2ab50d1-632e-442f-a3f0-7a049be4bc22.json
# GMT Fri May 13 20:46:00 2016
# 
0
1
2
3
4
5
6 4 5
7
8
9
10
11
12
13
14
15
16 15
17 16
18
19 18
20
21 20
22 21
23 22
24 23
25
26
27 25 26
28 24 27
29 28
30 29
31 20 21 22 23 24 28 29 30
32 30
33 32 31
34
35
36
37
38
39
40
41
42 41
43
44 43
45
46
47
48 37
49 48
50
51 50
52
53
54
55
56
57
58
59
60 1 2 3 6 7 8 9 10 11 12 13 14 16 17 18 19 33 34 35 36 37 38 39 40 41 42 43 44 45 46 47 49 51 52 53 54 55 56 57 58 59
61 0 60
62 60
63 60
64 60
65 64 60
66
67 60
68 60
69 68
70
71 60
72 66 60
73 72 60
74 60
75 60
76 75
77 60
78
79 60 78
80 60
81 80
82 53
83 77
84
85
86
87 86
88 50 51 87
89 63
90 60
91 60 78
92 67
93 47
94 85 15
95 60
96 60 78
97 60 78
98 71
99 60
100 60 70
101
102 60 78
103 60
104 46
105 60
106 60 78
107 60
108 62
109 60 101
110 60 78
111 60
112 60
113 60
114 60
115 57
116 60
117 60 45
118 60 84
119 60 78
120 60
121 53
122
123 122 60
124 60
125 60 78
126 60
127 1
128 60
129 128
130 60 78
131
132 131 60
133 60 78
134 115
135 60 78
136 60
137
138 137 60
139 107
140 60
141 60
142 60
143 60
144 58
145 60
146 47
147 60 78
148 60 78
149 60
