#/Library/Python/2.7/site-packages/ipykernel/__main__.py -f /Users/joshamilton/Library/Jupyter/runtime/kernel-26030804-2a20-4396-87f8-13d6e8f14be9.json
# GMT Sun May 15 17:41:21 2016
# 
0
1
2
3
4
5
6
7
8
9
10
11
12
13
14
15
16
17
18
19
20
21
22
23
24
25
26
27
28
29
30
31
32
33
34
35 34
36
37
38 1 2 3 4 5 6 7 8 9 10 11 12 13 14 15 16 17 18 19 20 21 22 23 24 25 26 27 28 29 30 31 32 33 35 36 37
39 0 38
40
41 40 38
42
43 42 38
44
45 44 38
46 32
47 38
48 27 38
49
50 38
51
52
53 51 52
54 27 38
55
56
57 56 38
58
59 35 38
60 4 38
61 38
62 0 52
63 5 6
64 16 38
65
66 65 38
67 49 38
68 36 38 15
69
70 52 69
71 56 52 38
72
73 72 52
74
75 38
76 29 38
77 26 38 31
78 74 38
79 38
80
81 80 52
82 38 5 6
83 72 52
84 0 52 38
85 38
86 2 38
87 3 5
88 49 38
89 38
90 25 38
91 33 38
92 52 69
93 42 38
94 86 38
95 27 38
96 38 55
97 37 38
98 38 55
99 56 52
100 28 38
101 38
102 17 38
103 58 52 38
104 51 52
105 58 38
106 65 38
107 38
108 38
109 40 38
110 38
111 44 38
112 18 38
113 3 38
114 80 52
115 5 7
116 58 52
