#/Library/Python/2.7/site-packages/ipykernel/__main__.py -f /Users/joshamilton/Library/Jupyter/runtime/kernel-d2ab50d1-632e-442f-a3f0-7a049be4bc22.json
# GMT Fri May 13 20:46:37 2016
# 
0
1
2 0 1
3
4
5
6
7
8
9
10
11
12
13
14
15
16
17
18
19 7
20 19
21 15
22
23
24
25
26
27
28
29
30
31
32
33
34
35
36
37
38
39
40
41
42
43
44
45
46
47
48
49
50
51
52 51
53
54
55
56 2 3 4 5 6 7 8 9 10 11 12 13 14 15 16 17 18 20 21 22 23 24 25 26 27 28 29 30 31 32 33 34 35 36 37 38 39 40 41 42 43 44 45 46 47 48 49 50 52 53 54 55
57 56
58 56 53
59 56
60 56
61 60
62
63
64 56 40
65 56
66 56
67 62
68 67
69 68
70 69
71 70
72 66 71
73 56 44
74 56 46
75 56
76 56 36
77 17
78
79
80 56 78 79
81 79
82 56
83 58
84 56
85 56
86 55
87 61
88 87
89 88
90 89
91 56
92
93 56
94 56
95 56 47
96 66 67 68 69 70 71 72 56 62
97 96 63
98 97
99
100 56 24 80
101 56 35
102 56 32
103 56
104 64
105 56
106 56
107 50
108 73
109 74
110 56 41
111 110
112 56
113 56
114 15
115 76
116 56
117
118 117
119 90
120 56
121 120
122 56 38
123 56
124 102
125 58
126
127
128 56
129 56 31
130 56 99
131 56
132 56 92
133 56
134 56
135 56 42
136 56
137 12
138 56 28
139 138
140 56 75 118
141 56 27
142 56
143 56
144 94
145 56 126
146 16
147 55
148
149 56 148
150 48 56
151 150
152 129
153 56 43
154 99
155 56
156 5
157 56
158 56
159 56 127
160 56 33
161 135
162 56 37
163 162
164 58
165 19
166 141
167 56 133
168 160
169 56
170 122
171 56
172 56
173 56
174 153
175 18
176 101
177 72
178 50
179 95
180 56
181 56
