#/Library/Python/2.7/site-packages/ipykernel/__main__.py -f /Users/joshamilton/Library/Jupyter/runtime/kernel-d2ab50d1-632e-442f-a3f0-7a049be4bc22.json
# GMT Fri May 13 20:46:36 2016
# 
0
1
2
3 2
4
5
6
7
8
9
10
11
12 11
13
14
15
16
17
18 13
19
20
21
22
23
24
25
26
27
28
29
30
31
32
33
34
35
36
37
38
39
40
41
42
43
44
45
46
47
48
49
50
51
52
53
54
55
56
57
58
59
60
61
62 61
63 62
64 12
65
66
67 66
68 60
69
70
71 70
72 71
73 72
74 73
75
76
77 75 76
78 74 77
79 78
80 79
81 70 71 72 73 74 78 79 80
82 80
83 81 82
84
85
86
87
88 21
89 88
90
91 90
92 0 1 3 4 5 6 7 8 9 10 11 12 13 14 15 16 17 18 19 20 21 22 23 24 25 26 27 28 29 30 31 32 33 34 35 36 37 38 39 40 41 42 43 44 45 46 47 48 49 50 51 52 53 54 55 56 57 58 59 60 63 64 65 66 67 68 69 83 84 85 86 87 89 91
93 92
94 92
95 40 92
96 92
97 92 45
98 92 47
99 92
100 92
101 92 36
102 92 31
103 92
104 92
105
106
107 92
108 48 92
109 102
110 50 92
111 34 92
112
113 112
114 113 90 91
115 92
116 92
117 95
118 92
119 1
120 97
121 92
122 92
123 98
124 92
125 42 92
126 125
127 92
128 92
129 13
130 101
131 92
132 92
133 92 38
134 92
135 92
136 92
137 43 92
138 137
139 92 22
140 121
141 92
142 92 30
143 92
144 92
145
146 105 92
147 92
148 27 92
149 148
150 92
151 26 92
152 92
153 92
154 106 92
155 14
156 92
157 92
158
159 92 158
160 49 92
161 160
162 142
163 92 44
164 92
165 9
166 92
167 32 92
168 155
169 92 37
170 169
171 92
172 92
173 92
174 92
175 151
176 147 92
177 92
178 167
179
180 179 92
181 145 92
182 133
183 92
184 92
185 56 92
186 92
187 163
188 111
189 92 55
190 92
191 92
192 1
193 92
194 108
