#/Library/Python/2.7/site-packages/ipykernel/__main__.py -f /Users/joshamilton/Library/Jupyter/runtime/kernel-eded5738-04c6-4b04-b3d3-2ef89fb8ab28.json
# GMT Thu May 26 21:02:14 2016
# 
0
1
2
3
4
5
6
7
8
9
10
11
12
13
14
15
16
17
18
19
20
21
22
23
24
25
26
27
28
29
30
31
32
33
34
35
36
37
38
39
40
41
42
43
44
45 44
46
47
48 0 1 2 3 4 5 6 7 8 9 10 11 12 13 14 15 16 17 18 19 20 21 22 23 24 25 26 27 28 29 30 31 32 33 34 35 36 37 38 39 40 41 42 43 45 46 47
49 48
50 48 42
51 48
52 48
53 48
54 48
55 48 31
56 48
57 48
58 48
59 48
60 48 32
61 48
62 48
63 48
64 48
65 48 15
66 48
67 48
68 48
69 48
70 48
71 48
72 48
73 48
74 48
75 48
76 48 39
77 48 76
78 48 36
79 48
80 48
81 48 40
82 48
83 48 46
84 48 77
85 48 17
86 48
87 48
88 48
89 48
90 48
91 48
92 48
93 48
94 48
95 48 47
96 48
97 48
98 48
99 48 43
100 8 48
101 48
102 48
103 48
104 48
105 48 91
106 48
107 48
108 48
109 48 38
110 48
111 48
112 48
113 48
114 48
115 48 2
116 48
117 48
118 48 45
119 48
120 48
121 48
122 48
123 48
124 48
125 48
126 48
127 48
128 48
129 48
130 48
131 48
132 48
133 48 20
134 48 25
135 48
136 48
137 48
138 48 34
139 48
140 48 41
141 48
142 48 35
143 48
144 48
145 48
146 48
147 48
148 48 27
149 48
