#/Library/Python/2.7/site-packages/ipykernel/__main__.py -f /Users/joshamilton/Library/Jupyter/runtime/kernel-26030804-2a20-4396-87f8-13d6e8f14be9.json
# GMT Sun May 15 17:41:20 2016
# 
0
1
2
3
4
5
6
7
8
9
10
11
12
13
14
15
16
17
18
19
20
21
22
23
24
25
26
27
28
29
30
31
32
33
34
35
36
37
38
39
40
41
42
43
44
45
46
47
48
49
50
51
52
53 0 1 2 3 4 5 6 7 8 9 10 11 12 13 14 15 16 17 18 19 20 21 22 23 24 25 26 27 28 29 30 31 32 33 34 35 36 37 38 39 40 41 42 43 44 45 46 47 48 49 50 51 52
54 53
55 16 53
56 53
57 0 53
58 53
59 53
60 53
61 3 53
62 53
63 53
64
65 64 53
66 53
67 53
68 53 38
69 48 53
70 53
71 53
72 19 53
73 53
74 53
75 53 47
76 53
77 53 31
78 53
79 1 53
80 53
81 53
82 53
83 53 21
84 53
85 53
86
87 53 86
88 53
89 53
90 53
91 53
92 53
93 53
94 53
95 53
96
97 53
98 50 43 53
99 36 53
100 53
101 18 53
102 42 53
103 53 39
104 41 53
105 53 46
106 96 53
107 53
108 53
109 53
110 53
111 53
112 1 53
113 53
114 53
115 35 53
116 40 53
117 53
118 51 53
119 44 53
120 53 86
121 53 23
122 32 53
123 53
124 53
125 53
126 53
127 53
128 53
129 53
130 96 53
131 49 53
132 2 53
133 64 53
134 53
135 52 53
136 53
137 34 53
138 53
139 53
140 53 29
141 53
142 33 53
143 53
144 53 37
145 53
146 53
147 53
148 27 53
149 8 53
150 53
151 53
152 53 22
153 53 30
154 53
155 2 53
156 53
