#/Library/Python/2.7/site-packages/ipykernel/__main__.py -f /Users/joshamilton/Library/Jupyter/runtime/kernel-26030804-2a20-4396-87f8-13d6e8f14be9.json
# GMT Sun May 15 17:41:24 2016
# 
0
1
2
3
4
5
6
7
8
9
10
11
12
13
14
15
16
17
18
19
20
21
22
23
24
25
26
27
28
29
30
31
32
33
34
35
36
37
38
39
40
41
42
43
44
45
46
47
48
49
50
51
52
53
54
55
56
57
58
59
60
61
62
63
64 0 1 2 3 4 5 6 7 8 9 10 11 12 13 14 15 16 17 18 19 20 21 22 23 24 25 26 27 28 29 30 31 32 33 34 35 36 37 38 39 40 41 42 43 44 45 46 47 48 49 50 51 52 53 54 55 56 57 58 59 60 61 62 63
65 64
66 64 2 30 31
67 64
68 64
69 64 33
70 64 57
71 64
72 64
73 64
74 64
75 64
76 64 57
77 64
78 64 12 4
79 64
80
81 64 80
82 64
83 64
84 64
85 64 26
86 64 50
87 64
88 64
89 64
90 64 54
91 0 64
92 40 64
93 64
94 64
95
96 64
97 64 22
98 64 41
99 64
100 64 56
101 64 95
102 64
103 64
104 64 52
105 64 55
106 64 47
107 64 24
108 64
109 64
110 64 60
111 64
112 64 59
113 64 36
114 64
115 64 46
116 64 61
117 64
118 64 28
119 64
120 64 35
121 64 62
122 64 57
123 64 51
124 64 38
125 64 53
126 64
127 64 23
128 64
129 64 63
130 64
131 64
132 64
133 64
134 64
135 64 27
136 64 43
137 48 64
138 64 25
139 64 42
140 64
141 64
142 64 49
143 64 35
144 64 21
145 64 32
146 64
147 64
148 64 44
149 64
150 64
151 64 45
152 64
153 64
154 64 58 19
