#/Library/Python/2.7/site-packages/ipykernel/__main__.py -f /Users/joshamilton/Library/Jupyter/runtime/kernel-eded5738-04c6-4b04-b3d3-2ef89fb8ab28.json
# GMT Thu May 26 21:02:08 2016
# 
0
1
2
3
4
5
6
7
8
9
10
11
12
13
14
15
16
17
18
19
20
21
22
23
24
25
26
27
28
29
30
31
32
33
34
35
36
37
38
39
40
41
42
43
44
45
46
47
48
49
50
51
52
53
54
55
56
57
58
59
60
61
62
63 0 1 2 3 4 5 6 7 8 9 10 11 12 13 14 15 16 17 18 19 20 21 22 23 24 25 26 27 28 29 30 31 32 33 34 35 36 37 38 39 40 41 42 43 44 45 46 47 48 49 50 51 52 53 54 55 56 57 58 59 60 61 62
64 59 63
65 19 63
66 63
67
68 67 62 63
69
70 63
71 63
72 63
73 63
74 63
75 63
76 63
77 4 63
78 69 63
79 63
80 63
81 63
82 63
83 63
84 46 63
85 63
86 63
87 20 63
88 63
89 63
90 63
91 63
92 63
93 63
94 63
95 44 63
96 63
97 60 63
98 63
99
100 99 63
101 63
102 63
103 63
104 63
105 63
106 56 63
107 2
108 63
109 63
110 49 63
111 58 63
112 63
113 63
114 54
115 58 63
116 63
117 63
118 58 63
119 63
120 52 63
121 63
122 49 63
123 51 63
124 63
125 63
126 63
127 63
128 57 63
129 63
130 63
131 63
132 50 63
133 63
134 15 63
135 3 63
136 61 63
137 63
138 63
