#/Library/Python/2.7/site-packages/ipykernel/__main__.py -f /Users/joshamilton/Library/Jupyter/runtime/kernel-d2ab50d1-632e-442f-a3f0-7a049be4bc22.json
# GMT Fri May 13 20:46:35 2016
# 
0
1
2 1
3 2
4
5
6 5
7
8
9
10
11
12
13
14
15 6
16
17 16
18 17
19 18
20
21 10
22 21
23
24 23
25 24
26
27
28 0 1 2 3 4 5 6 7 8 9 10 11 12 13 14 15 19 20 22 25 26 27
29 28
30 28
31 28
32
33 32 28
34 28
35
36 35 28
37 35 28
38
39 28
40 28
41 22
42 41
43
44 43
45 28
46 28
47 28
48
49 35 28
50 35 28
51 48 44 28 38 16
52
53 52
54 28
55 28
56 28
57 28
58 28
59 28
60 35 28
61 28
62 35 28
63
64 28
65 35 28
66 28
67 28
68 28
69 51
70 12
71 17 52
72 35 28
73 41
74 28
75 28
76
77 27
78 27
79 28 21 63
80 35 28
81 28
82 35 28
83 76 28
84 35 28
85 27
86 35 28
87 28
88 35 28
89 35 28
90 28
91 28
92 28
