#/Library/Python/2.7/site-packages/ipykernel/__main__.py -f /Users/joshamilton/Library/Jupyter/runtime/kernel-d2ab50d1-632e-442f-a3f0-7a049be4bc22.json
# GMT Fri May 13 20:46:35 2016
# 
0
1 0
2
3
4
5
6
7
8
9
10
11
12
13 12
14 13
15
16
17
18
19
20
21
22 21
23
24
25
26
27
28 24
29 28
30
31 30
32
33 22
34
35 8
36 26
37
38 37
39 38
40
41
42
43 41 42
44 43
45 44
46 45
47 44 45 46
48 47
49
50
51 1 2 3 4 5 6 7 8 9 10 11 14 15 16 17 18 19 20 22 23 24 25 26 27 29 31 32 33 34 35 36 39 40 48 49 50
52 51
53 51
54 10 51
55 51 54
56 51
57 51
58 51
59 51
60 51
61 19 51
62
63
64 51
65 51
66
67
68 67 51
69
70 69
71 30 70 31
72 51
73 51
74 73
75 14
76 51
77 51
78 27
79 51
80 51
81 51
82 51
83 51
84 51
85 51
86 74 51
87 51
88 51
89
90 51
91 51
92 51
93 51 62
94 51
95 89 51
96 51
97 51
98 51
99 51
100 51
101 51
102 51
103 51
104 51 63
105 6
106 64
107 51
108 51
109 51
110
111 51 110
112 51
113 5
114 51
115 51
116 105
117 51
118 51
119 118
120 64
121 51
122 51
123 13
124 51 94
125
126 51 125
127 51
128 51
129 51
130 18 51
131 51
132 66 12
133 10 51
134 17 51
135 9
136 51
137 27
138 51
139 51
140 51
