#/Library/Python/2.7/site-packages/ipykernel/__main__.py -f /Users/joshamilton/Library/Jupyter/runtime/kernel-eded5738-04c6-4b04-b3d3-2ef89fb8ab28.json
# GMT Thu May 26 21:02:06 2016
# 
0
1
2
3
4
5
6
7
8
9
10
11
12
13
14
15
16
17
18
19
20
21
22
23
24
25
26
27
28
29
30
31
32
33
34
35
36
37
38
39
40
41
42
43
44
45
46
47
48
49
50 49
51
52
53
54
55
56
57
58
59
60
61
62
63
64
65
66
67
68
69
70
71
72
73 0 1 2 3 4 5 6 7 8 9 10 11 12 13 14 15 16 17 18 19 20 21 22 23 24 25 26 27 28 29 30 31 32 33 34 35 36 37 38 39 40 41 42 43 44 45 46 47 48 50 51 52 53 54 55 56 57 58 59 60 61 62 63 64 65 66 67 68 69 70 71 72
74 73
75 73
76 73
77 73
78 73
79 73
80 73 49
81 73
82 73 66
83 73
84
85 72 73 84
86 73 65
87 73 71
88 60
89 73
90 73
91 73
92 73
93 73
94 73
95 73
96 73
97 73
98 73
99 73 70
100 73
101 73
102 73
103 73
104 73
105 73
106 73
107 73
108 73 45
109 73
110 73
111 73
112 56 73
113 112 73
114 73 57
115 73
116 73 39
117 73 54
118 73 70 71
119 73
120 73
121 73
122 73
123 73
124 73
125 73 35
126 73
127 73
128 73 13
129 73
130 73
131 73
132
133 73 132
134 73
135 73
136 73
137
138 73
139 73
140 73
141 73
142 73
143 73
144 73
145 73 55
146 73 61
147 73
148 73
149 73
150 73
151 73
152 73
153 73
154 73
155 73
156 73
157 73
158 73
159 73 62
160 73
161 73
162 32 73
163 73
164 73
165 73 69
166 73
167 73 137
168 73
169 73
170 73
171 73
172 73
173 40 73
174 73
175 73 52
176 73
177 73
178 73
179 73
180 73 59
181 73 58
182 64 73
183 73 63
