#/Library/Python/2.7/site-packages/ipykernel/__main__.py -f /Users/joshamilton/Library/Jupyter/runtime/kernel-26030804-2a20-4396-87f8-13d6e8f14be9.json
# GMT Sun May 15 17:41:23 2016
# 
0
1
2
3
4
5
6
7
8
9
10
11
12
13
14
15
16
17
18
19
20
21
22
23
24
25
26
27
28
29
30
31
32
33
34
35
36
37
38
39
40
41
42
43
44
45
46
47
48
49
50
51
52
53
54
55
56
57
58 57
59
60 0 1 2 3 4 5 6 7 8 9 10 11 12 13 14 15 16 17 18 19 20 21 22 23 24 25 26 27 28 29 30 31 32 33 34 35 36 37 38 39 40 41 42 43 44 45 46 47 48 49 50 51 52 53 54 55 56 58 59
61 60
62 34 60
63 60
64 60
65 8 60
66 43 60
67 60
68
69 60 68
70 60
71 60 39
72 60
73 60
74 60 29
75 60
76 60
77 44 60
78 60
79 60
80 60
81 60
82 17 59 60
83 60
84
85 60 84
86 60 22
87 60
88 60
89 60 46
90 60
91 10 60
92 60
93
94 60
95 60 52
96 60
97 60
98 0 60
99 60
100 60
101 60
102 33 60
103 60
104 60
105 60
106 60 53
107 60
108 60 93
109 60
110 60
111 10 60
112 60
113 60 54
114 60
115 60
116 60
117 49 60
118 105 60
119 60 84
120 60 5
121 60 4
122 60 39
123 60
124 56 60
125 60
126 60
127 48 60
128 58 60
129 60
130 60
131 60
132 60
133 60 93
134 60 55
135 60 6
136 60
137 60
138 60
139 60 68
140 60
141 60
142 60
143 27 60
144 60
145 60
146 60
147 20 60
148 60
149 26 60
150 9 60
151 60
152 60
153 60
154 60
155 60 45
156 51 60
157 60
158
159 60
160 60 7
161 60
162 60 158
163 60
164 60 6
165 60
