#/Library/Python/2.7/site-packages/ipykernel/__main__.py -f /Users/joshamilton/Library/Jupyter/runtime/kernel-d2ab50d1-632e-442f-a3f0-7a049be4bc22.json
# GMT Fri May 13 20:46:34 2016
# 
0
1
2
3
4
5
6
7
8 6 7
9 8
10 9
11
12
13
14
15
16
17
18 17
19
20
21 20
22
23
24
25
26 21
27
28
29
30
31
32
33
34
35
36
37
38
39
40
41
42
43
44
45
46
47
48 46 47
49
50 49
51 50
52 51
53 52
54 48 53
55
56
57 0 1 2 3 4 5 6 9 10 11 12 13 14 15 16 17 18 19 21 22 23 24 25 26 27 28 29 30 31 32 33 34 35 36 37 38 39 40 41 42 43 44 45 54 55 56
58 57
59 57
60 32 57
61 57
62
63 57
64 63
65 57
66 28
67 57 42
68 41
69 7
70 19
71 57
72
73 72 57
74 57
75 74
76 33
77 57
78 0
79
80 8 57 79
81 57 31
82 59
83 72 57
84 61
85 28
86 57
87 49 50 51 52 53 54 57
88
89 88 20
90 72 57
91 72 57
92 72 57
93 65
94
95 57 94
96
97 57
98 36
99 44 55
100 37
101 96 57
102 72 57
103
104 57
105
106 57 105 103
107 106
108 57
109 33
110 72 57
111 58
112 72 57
113 57
114 39
115 57
116 86
117
118 45
119 57 107
120 57 38
121 72 57
122 57
123 33
124 57
125 10
126 72 57
127 35
128 57 117 30
129 12
130 57
131 130
132 72 57
133 57 62
134 72 57
135 57
136 57 43
137 117
138 77
139 57
140 57
141 22
142 57
143 25
144 57
145 57 39
146 57
147 72 57
148 40
149 72 57
150 57
