#/Library/Python/2.7/site-packages/ipykernel/__main__.py -f /Users/joshamilton/Library/Jupyter/runtime/kernel-eded5738-04c6-4b04-b3d3-2ef89fb8ab28.json
# GMT Thu May 26 20:13:22 2016
# 
0
1
2
3
4
5
6
7
8
9
10
11
12
13
14
15
16
17
18
19
20
21
22
23
24
25
26
27
28
29
30
31
32
33
34
35
36
37
38
39
40
41
42
43
44 0 1 2 3 4 5 6 7 8 9 10 11 12 13 14 15 16 17 18 19 20 21 22 23 24 25 26 27 28 29 30 31 32 33 34 35 36 37 38 39 40 41 42 43
45 44
46 40 44
47 44
48 44
49 44
50 44
51 44
52 26 44
53 44
54 44
55 44
56 44 13
57 32 44
58 44
59 27 44
60 44
61 44
62 44
63 44 30
64 44
65 44
66 44
67 44
68 44
69 44
70 44
71 44
72 44
73 44 38
74 44
75 43 44
76 44
77 36 44
78 44
79 44
80 44
81 44
82 44
83 44
84 44
85 44
86 44
87 44
88 44
89 44
90 41 44
91 44
92 44
93 44
94 44 39
95 44
96 44
97 82 44
98 44
99 44
100 44
101 44 13
102 44
103 35 44
104 44
105 44
106 44
107 44
108 44 22
109 44 5
110 44
111 44
112 44
113 44 37
114 44
115 44
116 44
117 42 44
118 44
119 44
120 44
121 44
122 44
123 44
124 44
125 44
126 44
127 44
128 44
129 44
130 44 29
131 44
132 44
133 44 31
134 44
135 44
136 44
137 44
138 44
139 20 44
140 44
141 44
