#/Library/Python/2.7/site-packages/ipykernel/__main__.py -f /Users/joshamilton/Library/Jupyter/runtime/kernel-eded5738-04c6-4b04-b3d3-2ef89fb8ab28.json
# GMT Thu May 26 21:02:14 2016
# 
0
1
2
3
4
5
6
7
8
9
10
11
12
13
14
15
16
17
18
19
20
21
22
23
24
25
26
27
28
29
30
31
32
33
34
35
36
37
38
39
40
41
42
43
44
45
46
47
48
49
50
51
52
53
54
55
56
57
58 0 1 2 3 4 5 6 7 8 9 10 11 12 13 14 15 16 17 18 19 20 21 22 23 24 25 26 27 28 29 30 31 32 33 34 35 36 37 38 39 40 41 42 43 44 45 46 47 48 49 50 51 52 53 54 55 56 57
59 58
60 56 58
61 58
62 32 58 31
63 58 55
64 58 63
65 58
66 49 58
67 58
68 58 12
69 57 58
70 58
71 58 70
72 58
73 58
74 58
75 33 58
76 58 13
77 58
78 58
79 58
80 58
81 58
82 58
83 58 50
84 58
85 58
86 58
87 58
88 58 11
89 58
90 58
91 58
92 17 58
93 58
94 58
95 58
96 58
97 58
98 58
99 58
100 58
101 58
102 58
103 58
104 58
105 58 51
106 58 52
107 58 47
108 58
109 58 35
110 58
111 58
112 58
113 58
114 58
115 58
116 58
117 58
118 58
119 58
120 58
121 58
122 58
123 58 53
124 58 46
125 58
126 58
127 58 38
128 41 58
129 58 42
130 58
131 58
132 58
133 58
134 58
135 58 54
136 58
137 58
138 58
139 58 6
140 58
