#/Library/Python/2.7/site-packages/ipykernel/__main__.py -f /Users/joshamilton/Library/Jupyter/runtime/kernel-26030804-2a20-4396-87f8-13d6e8f14be9.json
# GMT Sun May 15 17:41:23 2016
# 
0
1
2
3
4
5
6
7
8
9
10
11
12
13
14
15
16
17
18
19
20
21
22
23
24
25
26
27
28
29
30
31
32
33
34
35
36
37
38
39
40
41
42
43
44
45
46
47
48
49
50
51
52
53
54
55
56
57
58
59
60
61
62
63
64
65
66
67
68
69 0 1 2 3 4 5 6 7 8 9 10 11 12 13 14 15 16 17 18 19 20 21 22 23 24 25 26 27 28 29 30 31 32 33 34 35 36 37 38 39 40 41 42 43 44 45 46 47 48 49 50 51 52 53 54 55 56 57 58 59 60 61 62 63 64 65 66 67 68
70 69
71
72 9 71 69 23
73 69
74 32 69 31
75 49 2 51 69
76 48 69
77 42 69
78 29 69
79 49 2 50 69
80 69
81 69
82 69
83 69 38
84 69
85 27 69
86 33 69
87 69
88 69 30
89 48 49 2 69
90 69
91 69
92 69
93 69
94 69
95 69
96 69 39
97 69
98 69
99 69
100 69
101 69 61
102 69
103 58 69
104 49 2 69
105 69
106 69
107 106 69
108 69
109 41 69
110 69 54
111 32 69 31
112 69
113 11 69
114 69
115 49 2 52 69
116 49 2 69
117 69
118 69
119 66 69
120 69 62
121 36 69
122 69
123 69 55
124 69
125 69
126 69 45
127 69
128 64 69
129 69
130 69
131 69
132 10 69
133 68 69
134 69 63
135 67 69
136 2 69 48 49 50 51 52
137 69
138 69
139 56 69
140 69
141 28 69
142 69
143 69
144 65 69
145 34 69
146 69
147 69
148 69
149 69 47
150 69
151 69
152 69 71
153 69
154 40 69
155 25 69
156 2 69
157 69
158 69
159 53 69
160 69
161 69
162 49 2 69
163 69
164 69
165 60 69
