#/Library/Python/2.7/site-packages/ipykernel/__main__.py -f /Users/joshamilton/Library/Jupyter/runtime/kernel-d2ab50d1-632e-442f-a3f0-7a049be4bc22.json
# GMT Fri May 13 20:46:34 2016
# 
0
1
2
3 2
4
5 4
6 5
7
8
9
10
11
12
13 7
14 13
15
16
17
18
19
20 9
21
22
23
24
25 24
26
27 26
28 27
29
30
31
32 0 1 3 4 5 6 7 8 9 10 11 12 14 15 16 17 18 19 20 21 22 23 24 25 28 29 30 31
33 32
34 32
35 32 30
36
37 32 36
38 32
39 32
40 32
41 40
42
43 32
44 42
45 10
46
47 32 46
48 11
49 35
50
51 32 50
52 32
53 52
54 32
55 34
56 14
57
58 22
59 32 58 13
60
61 32 60
62 32 50
63 39
64 29
65 32
66 32 50
67 32 50
68 32 50
69 9
70 43
71 32
72 32 50
73 32 57
74
75 32
76 32 50
77 33
78 32 50
79 32
80 32
81 74
82 32
83 65
84
85 32 36 6 74 15 16 84 29
86 32
87 32 50
88 32
89 32
90
91 32 90
92 32 50
93 8
94 32
95 94
96 32 50
97 32 50
98 32
99 54
100 32
101 32
102 12
103 32
104 32 74
105 29
106 32 50
107 84
108 32 50
109 32 44
