#/Library/Python/2.7/site-packages/ipykernel/__main__.py -f /Users/joshamilton/Library/Jupyter/runtime/kernel-d2ab50d1-632e-442f-a3f0-7a049be4bc22.json
# GMT Fri May 13 20:46:35 2016
# 
0
1
2
3 1 2
4
5 4
6
7
8
9
10
11
12
13
14
15
16 15
17
18
19 18
20
21
22
23
24 23
25
26
27
28
29
30 29
31
32 31
33 32
34 33
35 34
36 35
37
38
39
40
41
42
43
44
45
46
47
48
49
50
51
52
53
54
55
56
57
58
59
60
61
62
63
64
65
66 65
67 66
68
69
70 69
71 70
72
73
74
75
76
77 0 3 4 5 6 7 8 9 10 11 12 13 14 15 16 17 19 20 21 22 23 24 25 26 27 28 30 31 32 33 34 35 36 37 38 39 40 41 42 43 44 45 46 47 48 49 50 51 52 53 54 55 56 57 58 59 60 61 62 63 64 67 68 71 72 73 74 75 76
78 77
79 77
80 77
81
82 81 70
83
84 77 54
85 77
86 59 77
87 26
88 50 77
89 27
90
91
92 90 91 13 69
93 77
94 77 45
95 77
96 77
97 77
98 97
99 98
100 77
101
102
103 70 102
104 77
105 77 62
106
107 64 92 77
108 48 77
109
110 109
111 72 110
112 77
113 84
114 77
115 77
116 68
117 86
118 77
119
120 70 119
121 61 77
122 121
123
124 123 77
125 77
126 56 77
127 126
128 77
129 98
130 77
131 88
132 77
133 77
134 133
135 77 46
136 52 77
137 77
138 77
139
140 77
141 77
142 83 77
143 77 142
144 77
145 44 77
146 75 77
147
148 147 77
149 77
150 101 77
151 77
152 77
153 77
154 41 77
155 154
156 149 70
157 77
158 40 77
159 77
160 57 77
161 98
162
163 162 77
164 77 63
165 164
166 145
167 58 77
168 77
169 10
170 77
171 77
172 38
173
174
175 77 174
176 160
177 102 70 139 77 173 81 149 119
178 51 77
179 178
180 77
181 158
182 77 151
183 135
184 106 77
185 11
186 136
187 77
188 77
189 94
190 77
191 167
192 28
193 11 77
194
195 194 77
196 108
197 77 70
198 11 77
199 68
200 173 70
201 139 70
202 105
203 77
204 77
205 14
