#/Library/Python/2.7/site-packages/ipykernel/__main__.py -f /Users/joshamilton/Library/Jupyter/runtime/kernel-26030804-2a20-4396-87f8-13d6e8f14be9.json
# GMT Sun May 15 17:41:24 2016
# 
0
1
2
3
4
5
6
7
8
9
10
11
12
13
14
15
16
17
18
19
20
21
22
23
24
25
26
27
28
29
30
31
32
33
34
35
36
37
38
39
40
41
42
43
44
45
46
47 0 1 2 3 4 5 6 7 8 9 10 11 12 13 14 15 16 17 18 19 20 21 22 23 24 25 26 27 28 29 30 31 32 33 34 35 36 37 38 39 40 41 42 43 44 45 46
48 47
49 47
50 47
51 47
52 18 47
53 47
54 47
55 47
56 47
57 47
58 47
59 47
60 38 47
61 47
62 43 44
63 47
64 47
65 47
66 47
67 19 47
68 47
69 8 47
70 5 46 47
71 47
72 47
73 47
74 25 47
75 47
76 47
77 47
78 47
79 47
80 47
81 42 47
82 47
83 47
84 47
85 47
86 47
87 47
88 47
89 47
90 47
91 47
92 47
93 37 47
94 47
95 47
96 47
97 47
98 47
99 47
100 47
101 47
102 47
103 47
104 47
105 90 47
106 47
107 47
108 47
109 47
110 0 47
111 39 47
112 47
113 35 47
114 40 47
115 47
116 47
117 47
118 45 47
119 47
120 47
121 47
122 47
123 47
124 47
125 47
126 47
127 47
128 47
129 47
130 47 23
131 47
132 0 47
133 27 47
134 47
135 8 47
136 47
137 47
138 47
139 47
140 47
