#/Library/Python/2.7/site-packages/ipykernel/__main__.py -f /Users/joshamilton/Library/Jupyter/runtime/kernel-d2ab50d1-632e-442f-a3f0-7a049be4bc22.json
# GMT Fri May 13 20:46:00 2016
# 
0
1
2
3 2
4 3
5 4
6 5
7
8
9
10
11
12
13
14
15
16 15
17
18
19
20
21
22
23 22
24 23
25
26
27
28
29
30
31
32
33
34
35
36
37
38
39
40
41
42
43
44
45
46
47
48
49
50
51
52
53
54
55
56
57
58
59
60 59
61 60
62
63
64
65 6
66
67 66
68
69 0 1 2 3 4 5 6 7 8 9 10 11 12 13 14 16 17 18 19 20 21 22 24 25 26 27 28 29 30 31 32 33 34 35 36 37 38 39 40 41 42 43 44 45 46 47 48 49 50 51 52 53 54 55 56 57 58 61 62 63 64 65 67 68
70 69
71 69
72
73 72 23
74
75 69
76 51 69
77 53 69
78 74 69
79 69 78
80 48 69
81 13
82 42 69
83 41 69
84 69
85 69
86 9
87 69
88
89
90 89 23
91 69
92 69 54
93 28 69
94 69
95 69 37
96
97 96
98 97 25
99 69
100 69 46
101 100
102 69
103 69
104 21
105 69
106 76
107
108 107 23
109 77
110
111 69 110
112 80
113 69
114 69
115 82
116 69
117 69
118 117
119 118
120 69
121
122 69 38
123 44 69
124 69
125
126 69
127 69
128 69
129 36 69
130 121 69
131
132 88 69
133 69
134 69 47
135 134
136 69 23
137 69
138 32 69
139 69
140 69
141 49 69
142 9
143
144 69 143
145 69 55
146 145
147 129
148 50 69
149 69
150 12
151 58
152 69
153 69
154 64
155
156 155 69
157 141
158 69 72 107 23 89 125
159 43 69
160 159
161 27 69
162 161
163 138
164 122
165 105
166 131 69
167 69
168 123
169 69
170 83
171 69
172 148
173 69
174 95
175 69 23
176 69
177 21
178 69 23
179 69
180 125 23
181 92
182 63
183 69
