#/Library/Python/2.7/site-packages/ipykernel/__main__.py -f /Users/joshamilton/Library/Jupyter/runtime/kernel-d2ab50d1-632e-442f-a3f0-7a049be4bc22.json
# GMT Fri May 13 20:46:00 2016
# 
0
1
2
3
4
5
6
7
8
9
10
11 10
12 11
13 12
14 13
15
16
17 16 15
18 17 14
19 18
20 19
21 10 11 12 13 14 18 19 20
22 21
23
24
25
26 25
27
28
29
30
31 30
32
33
34 33
35
36 28
37 36
38
39
40
41
42
43
44
45
46
47
48
49
50
51 23
52
53
54 53
55 40
56
57
58
59
60
61
62
63 62
64 63
65
66
67
68 67
69
70
71
72
73
74
75
76
77
78
79
80
81
82
83
84
85
86
87
88
89
90
91 0 1 2 3 4 5 6 7 8 9 22 23 24 25 26 27 28 29 31 32 34 35 37 38 39 40 41 42 43 44 45 46 47 48 49 50 51 52 53 54 55 56 57 58 59 60 61 64 65 66 68 69 70 71 72 73 74 75 76 77 78 79 80 81 82 83 84 85 86 87 88 89 90
92 91
93 91
94
95 91
96 91 86
97 35
98 88 91
99 83 91
100 91 78
101 75 91
102 91
103 91
104 91
105 91
106 91
107 89 91
108 91
109
110 91 109
111 91 77
112
113 112
114 113 34 33
115 91
116
117 91 116
118 82 91
119 118
120 91
121 35
122 96
123 51
124 91
125 98
126 91
127
128 106 91 127
129 91
130 91
131 25
132 100
133 91
134 91
135 91 76
136 91
137
138 137
139 91
140 91
141 127
142 141
143
144 58 91
145 91 84
146 145
147 91
148 147
149 32 91
150 91 94
151 91 150
152 137 91
153 91
154 74 91
155 91
156 91 79
157 156
158 91
159 91
160 91
161 72 91
162 161
163 91
164 91 71
165 91
166 99
167 91
168 164
169 106
170 91
171 91
172 91
173 91
174
175 91 174
176 61
177 91
178 90 91
179 178
180 142
181 154
182 91 85
183 91
184
185 5
186 91
187 91 143
188 180
189 91
190 91
191 91
192 160 91
193 91
194 135
195 184 91
196 91
197 32
198 80 91
199 198
200 91
201 91
202 43 91
203 101
204 91
205 182
206 91
207 111
208 42 91
209 91
210 107
211 91
212 91
213 91
214 176
