#/Library/Python/2.7/site-packages/ipykernel/__main__.py -f /Users/joshamilton/Library/Jupyter/runtime/kernel-26030804-2a20-4396-87f8-13d6e8f14be9.json
# GMT Sun May 15 17:41:22 2016
# 
0
1
2
3
4
5
6
7
8
9
10
11
12
13
14
15
16
17
18
19
20
21
22
23
24
25
26
27
28
29
30
31
32
33
34
35
36
37
38
39
40
41
42
43
44
45
46
47
48
49
50
51
52
53
54
55
56
57
58
59
60
61
62
63
64
65
66
67
68
69
70
71
72 0 1 2 3 4 5 6 7 8 9 10 11 12 13 14 15 16 17 18 19 20 21 22 23 24 25 26 27 28 29 30 31 32 33 34 35 36 37 38 39 40 41 42 43 44 45 46 47 48 49 50 51 52 53 54 55 56 57 58 59 60 61 62 63 64 65 66 67 68 69 70 71
73 72
74 72
75 72 47
76 72
77 72
78 72
79 72 71
80 72 57
81 72
82 72
83 72 38
84 72 15
85 72
86 72 28
87 72
88 72
89 72 50 43
90 72 70
91 72 57
92 72
93 72
94 72
95 72 27
96 72
97 72 54
98 72
99 72 98
100 72 30
101 72
102 72
103 72
104 72 58
105 72
106
107 72
108 72
109 72 1 6
110 72
111 72 24
112 72
113 72 26
114 72
115 72 57
116 72 67
117 72 34
118 72 60
119 72 64 65
120 72 41
121 29
122 72
123 72 69
124 72 4
125 72 22
126 72 66
127 59 55
128 72 63
129 72 106
130 72 53
131 72
132 72 64
133 72 27
134 72
135 72 42
136 72 44
137 72 27 5
138 72 56
139 72
140 72 27 5
141 72 28
142 72 68
143 72 11
144 72
145 72 49
146 72 61
147 72 62
