#/Library/Python/2.7/site-packages/ipykernel/__main__.py -f /Users/joshamilton/Library/Jupyter/runtime/kernel-26030804-2a20-4396-87f8-13d6e8f14be9.json
# GMT Sun May 15 17:41:23 2016
# 
0
1
2
3 2
4
5
6
7
8
9
10
11
12
13
14
15
16
17
18
19
20
21
22
23
24
25
26
27
28
29
30
31
32
33
34
35
36
37
38
39
40
41
42
43
44
45
46
47
48
49
50
51
52
53
54
55 0 1 2 3 4 5 6 7 8 9 10 11 12 13 14 15 16 17 18 19 20 21 22 23 24 25 26 27 28 29 30 31 32 33 34 35 36 37 38 39 40 41 42 43 44 45 46 47 48 49 50 51 52 53 54
56 55 23
57 55
58 5 55
59 55
60 55
61 50 55
62 61 55
63 55
64 55
65 55
66 55
67 48 55
68 24 55
69 19 55
70 16 11 55
71 55
72 55
73 55
74 41 55
75
76 75 55
77 75 76 55
78 55
79 21 55
80 28 55
81 55
82 48 55
83 33 55
84 26 55
85 54 55
86 35 55
87 11 55
88 55
89 49 55
90 52 55
91 38 55
92 55
93 29 55
94 76 55
95 40 55
96 34 55
97 55
98 47 55
99 4 55
100 55
101 30 55
102 53 55
103 51
104 55 31
105 18 55
106 46 55
107 55
108 55
109 55
110 48 55
111 37 55
112 44 55
113 25 55
114 55
115 55 39
116 20 55
117 42 55
118 55
119 55
120 55
121 55
122 32 55
123 55
124 36 55
125 46 55
126 43 55
127 16 11 55
128 22 55
129 55
130 16 11 55
131 55
132 55
133 27 55
134 17 55
135 45 55
