#/Library/Python/2.7/site-packages/ipykernel/__main__.py -f /Users/joshamilton/Library/Jupyter/runtime/kernel-26030804-2a20-4396-87f8-13d6e8f14be9.json
# GMT Sun May 15 17:41:21 2016
# 
0
1
2
3
4
5
6
7
8
9
10
11
12
13
14
15
16
17
18
19
20
21
22
23 22
24
25
26
27
28
29
30
31
32
33
34
35
36
37
38
39
40
41
42
43
44
45
46
47
48
49
50
51
52
53
54
55
56
57
58
59 0 1 2 3 4 5 6 7 8 9 10 11 12 13 14 15 16 17 18 19 20 21 23 24 25 26 27 28 29 30 31 32 33 34 35 36 37 38 39 40 41 42 43 44 45 46 47 48 49 50 51 52 53 54 55 56 57 58
60 18 59
61 59
62 59
63 59
64 59 14
65 59
66 59
67 59
68 59
69 59
70 59
71 59
72 59 21
73 59
74 59
75 59
76 59 37
77 59 36
78 59
79 59 14
80 59 53
81 59
82 59
83 59
84 59
85 59
86 59 22
87 59
88 59
89 27 59
90 59
91 59
92 59 55
93 59
94 59 51
95 59
96 59
97 59
98 59
99 59
100 59
101 59 71
102 59
103 59
104 16 59
105 59
106 59
107 59
108 59
109 59
110 59
111 56 59
112 59
113 59
114 59
115 58 59
116 59
117 59 109
118 59
119 59
120 59
121 59
122 59
123 59 44
124 59
125 59
126 59 38
127 59 19
128 59
129 59
130 24 59
131 59 7
132 59
133 59 52
134 59
135 49 59
136 59
137 59
138 35 59
139 59
140 59
141 59
142 59
143 59
144 59
145 59
146 59
147 50 59
148 17 59
149 59
150 59
151 59
152 59
153 59
154 59
155 8 59
156 59
157 59
158 59
159 59 20
160 59
161 59
162 59
163 59 54
164 57 59
