#/Library/Python/2.7/site-packages/ipykernel/__main__.py -f /Users/joshamilton/Library/Jupyter/runtime/kernel-d2ab50d1-632e-442f-a3f0-7a049be4bc22.json
# GMT Fri May 13 20:46:36 2016
# 
0
1
2
3
4
5
6
7
8
9
10
11
12
13
14
15
16
17
18
19
20
21
22
23
24
25
26
27
28
29
30
31
32
33
34
35
36 35
37
38 37
39
40
41
42
43
44
45
46
47
48
49
50 3
51 50
52
53 46
54
55 0 1 2 3 4 5 6 7 8 9 10 11 12 13 14 15 16 17 18 19 20 21 22 23 24 25 26 27 28 29 30 31 32 33 34 36 38 39 40 41 42 43 44 45 46 47 48 49 51 52 53 54
56 55
57 39 55
58 55
59 55
60 59
61
62 21 55
63 55
64 55
65 61
66 65
67 66
68 67
69 68
70 64 69
71 26 55
72 28 55
73
74 47
75 17 55
76 48
77
78 77
79 55
80
81 80 35 36
82 57
83 55
84 55
85 40
86 60
87 86
88 87
89 88
90 55
91 55
92 29 55
93
94 77 55
95 31 94 55
96 15 55
97 55
98 12 55
99 55
100 62
101 55
102 55
103 33
104 71
105 72
106 23 55
107 106
108 55
109 55
110 46
111 75
112 55
113 89
114 55
115 114
116 19 55
117 51
118 55
119 98
120 57
121
122 55
123 64 65 66 67 68 69 70 55 61
124 55
125 55
126
127 126 55
128 24 55
129 55
130 44
131 8 55
132 131
133 73 55
134 55 7
135 55
136 55
137 121 55
138 40
139
140 139 55
141 30 55
142 141
143 11 55
144 143
145 25 55
146 93
147 55
148 1
149 55
150 55
151 13 55
152 128
153 18 55
154 153
155 57
156 50
157 134
158 125 55
159 151
160 93 55
161 116
162 55
163 55
164 145
165 49
166 96
167 70
168 33
169 92
170 55
171 55
