#/Library/Python/2.7/site-packages/ipykernel/__main__.py -f /Users/joshamilton/Library/Jupyter/runtime/kernel-26030804-2a20-4396-87f8-13d6e8f14be9.json
# GMT Sun May 15 17:41:23 2016
# 
0
1
2
3
4
5
6
7
8
9
10
11
12
13
14
15
16
17
18
19
20
21
22
23
24
25
26
27
28
29
30
31
32
33
34
35
36
37
38
39
40
41
42
43
44
45
46
47
48
49
50
51
52
53 0 1 2 3 4 5 6 7 8 9 10 11 12 13 14 15 16 17 18 19 20 21 22 23 24 25 26 27 28 29 30 31 32 33 34 35 36 37 38 39 40 41 42 43 44 45 46 47 48 49 50 51 52
54 53
55 53 5
56 53
57
58 41 53 57
59 27 53
60 53
61 53
62 53 37
63 8 53
64 53
65 53
66 53 29
67 53 46
68 53
69
70 69 53
71 53
72 17 53
73 53
74 28 53
75 53
76 53 22
77 53
78 53
79 53 30
80 53
81 26 53
82 53
83 53
84 53
85 19 53
86 53
87 53
88 53
89 53
90 53
91 53
92 53
93 53
94 53
95 42 53
96 53
97 25 53
98 53
99 53
100 53
101 53 30
102 50 53
103 49 53
104 53
105 53
106 53
107 53
108 53
109 53
110 53
111 53
112 53
113 35 53
114 19 53
115 44 53
116 53
117 34 53
118 53
119 53
120 53
121 53
122 53
123 20 53
124 53
125 53
126 52 53
127 51 53
128 53
129 53
130 53
131 53
132 48 53
133 53
134 53
135 53 47
136 53
137 53
138 53
139 53
140 18 43 53
141 53 39
142 53
143 8 53
144 53
145 53
146 53
147 53
148 53
149 53 14
150 53
