#/Library/Python/2.7/site-packages/ipykernel/__main__.py -f /Users/joshamilton/Library/Jupyter/runtime/kernel-d2ab50d1-632e-442f-a3f0-7a049be4bc22.json
# GMT Fri May 13 20:46:35 2016
# 
0
1
2 0 1
3
4
5
6
7
8
9 8
10
11
12
13
14 13
15
16 14 15
17 16
18
19
20 9
21
22 21
23
24 23
25 24
26 25
27 26
28
29
30 28 29
31 27 30
32 31
33 32
34 32 33 23 24 25 26 27 31
35 33
36 34 35
37
38
39
40
41
42
43
44
45 44
46
47
48
49
50
51
52
53
54 53
55 46
56
57 39
58 57
59
60 59
61
62
63 2 3 4 5 6 7 9 10 11 12 17 18 19 20 21 22 36 37 38 39 40 41 42 43 45 46 47 48 49 50 51 52 53 54 55 56 58 60 61 62
64 63
65 63
66 48 63
67 66 63
68
69 63
70 63
71 70
72 63
73 68 63
74 73 63
75 63
76 43
77
78 77 63
79 63
80
81 80 63
82 63
83 82
84 62
85 63
86
87 79
88
89 88
90 89 59 60
91 65
92 63
93 63
94 80 63
95 69
96 63
97
98 8 97
99 63
100 80 63
101 80 63
102 80 63
103 72
104 63
105 63
106
107 80 63
108 63
109 86 63
110 63
111 63
112 80 63
113 64
114 106 63
115 80 63
116 63
117 63
118
119 63
120 63
121 96
122 63
123 118 63
124 80 63
125 63
126 62
127
128 63 127
129 63
130 80 63
131 63
132 6
133 63
134 133
135 80 63
136 76
137 80 63
138 63
139
140 139 63
141 85
142 63
143 63
144 48 63
145 63
146 47
147 63
148 80 63
149 80 63
150 63
