#/Library/Python/2.7/site-packages/ipykernel/__main__.py -f /Users/joshamilton/Library/Jupyter/runtime/kernel-26030804-2a20-4396-87f8-13d6e8f14be9.json
# GMT Sun May 15 17:40:56 2016
# 
0
1
2
3
4
5
6
7
8
9
10
11
12
13
14
15
16
17
18
19
20
21
22
23
24
25
26
27
28
29
30
31
32
33
34
35
36
37
38
39
40
41
42
43
44
45
46
47
48
49
50 0 1 2 3 4 5 6 7 8 9 10 11 12 13 14 15 16 17 18 19 20 21 22 23 24 25 26 27 28 29 30 31 32 33 34 35 36 37 38 39 40 41 42 43 44 45 46 47 48 49
51 50
52 50
53 50
54 50 38
55 50
56 50
57 50
58 50 43
59 50
60 50
61 50
62 50
63 50
64 33 50
65 50
66 50 7
67 50
68 50
69 50
70 50
71 50
72 50
73 50 13
74 50
75 50
76 50
77
78 50
79 50
80 50
81 50
82 48 42 50
83 50
84 50 77
85 50
86 50 6
87 50
88 50
89 50
90 50
91 50
92 50 44
93 50
94 50
95 50
96 50
97 50
98 50 47
99 41
100 50
101 50
102 50
103 50
104 50 91
105 50
106 50
107 50 43
108 40 50
109 50
110 50
111 50 35
112 50
113 50
114 50
115 50
116 50
117 50 46
118 50
119 50
120 50
121 50
122 50
123 50
124 50 45
125 50
126 50
127 50
128 50
129 50
130 50
131 50
132 50 39
133 0 50
134 50
135 50
136 50 27
137 50
138 50
139 50 7
140 50
141 50
142 50
143 50
144 50
