#/Library/Python/2.7/site-packages/ipykernel/__main__.py -f /Users/joshamilton/Library/Jupyter/runtime/kernel-ac9836d9-c420-42cf-89d4-236d1ff9a851.json
# GMT Mon May  9 19:40:48 2016
# 
0
1
2
3
4
5
6
7
8
9
10
11
12
13
14
15
16
17
18
19
20
21
22
23
24
25
26
27
28
29
30
31
32
33
34
35
36
37
38 37
39
40
41
42
43
44
45
46
47
48
49
50
51
52 0 1 2 3 4 5 6 7 8 9 10 11 12 13 14 15 16 17 18 19 20 21 22 23 24 25 26 27 28 29 30 31 32 33 34 35 36 38 39 40 41 42 43 44 45 46 47 48 49 50 51
53 52
54 52
55 11 52
56 52
57 52
58 52
59 52
60 48 52
61 52
62 52
63 52
64 41 52
65 52 4
66 52
67 52
68 52
69 52
70 52
71 9 52
72 52
73 52
74 52
75 52
76 52
77 52
78 52
79 52
80 52
81 52
82 52
83 52
84 52
85 52
86 52
87 52
88 52
89 52 45
90 52
91 52
92 52
93 52
94 52
95 52
96 52 87
97 52
98 52
99 40 52
100 52
101 52 47
102 52 38
103 50 52
104 52
105 52
106 52 31
107 52
108 52
109 52
110 52
111 52
112 52
113 52 46
114 52
115 52
116 49 52
117 52
118 52
119 52
120 52
121 0 52
122 44 52
123 52
124 52
125 52
126 52
127 51 52
128 52
129 52
130 52 4
131 52
132 52
133 52
134 52
