#/Library/Python/2.7/site-packages/ipykernel/__main__.py -f /Users/joshamilton/Library/Jupyter/runtime/kernel-26030804-2a20-4396-87f8-13d6e8f14be9.json
# GMT Sun May 15 17:40:57 2016
# 
0
1
2
3
4
5
6
7
8
9
10
11
12
13
14
15
16
17
18
19
20
21
22
23
24
25
26
27
28
29
30
31
32
33
34
35
36
37
38
39
40
41
42
43
44
45
46
47
48 0 1 2 3 4 5 6 7 8 9 10 11 12 13 14 15 16 17 18 19 20 21 22 23 24 25 26 27 28 29 30 31 32 33 34 35 36 37 38 39 40 41 42 43 44 45 46 47
49 48
50 48 42
51 40 48
52 48
53 48
54
55 48 54
56 48
57 48 46
58 48
59 48
60 16 20
61 48
62 48 4
63 16 18
64 16 12
65 48
66 48
67 48
68 48 67
69 48
70 48 34
71 48
72 48
73
74 48 1 27
75 48
76 48
77 48 21
78 48 36
79 16 19
80 48 73
81
82 48 81
83 48 47
84 48 35
85 48
86 48
87 48 38
88 48 37 23
89 48
90 48
91 48 44
92 48 81
93 48 25 26
94 16 10
95 48 23 31
96 16 14
97 16 15
98 41 23
99 48
