#/Library/Python/2.7/site-packages/ipykernel/__main__.py -f /Users/joshamilton/Library/Jupyter/runtime/kernel-d2ab50d1-632e-442f-a3f0-7a049be4bc22.json
# GMT Fri May 13 20:46:34 2016
# 
0
1
2
3
4
5
6
7
8
9
10
11 10
12
13
14
15 14
16
17 16 15
18
19 2
20
21 20
22 21
23 22
24 23
25
26
27 25 26
28 24 27
29 28
30 29
31 20 21 22 23 24 28 29 30
32 30
33 32 31
34 8
35
36
37
38
39
40
41
42
43
44
45
46
47
48
49
50
51
52 47
53 0 1 2 3 4 5 6 7 8 9 11 12 13 17 18 19 33 34 35 36 37 38 39 40 41 42 43 44 45 46 47 48 49 50 51 52
54 53
55 53
56 53
57 53
58 57
59 53
60 53
61 43
62 53
63
64 53 63
65 53
66 65
67 0
68 53
69
70 55
71 53
72 62
73 42
74 73 53
75 14 15
76 53
77 53 63
78 56
79 46
80 53
81 53 63
82 53 63
83 53 63
84 8
85 59
86 53
87 12
88 53 63
89 88
90
91
92 53 63
93 53
94 69 53
95 53
96 53
97 53 63
98 54
99 91 53
100 53 63
101 53
102 53
103
104 53
105 80
106 9
107 53
108 53 103
109 53 63
110 53
111 0
112 53
113 71
114 6
115 53
116 115
117 90 53
118 53 63
119 106
120 53 63
121 53 63
122 121
123 71
124 53
125
126 53 125
127 68
128 53
129 53
130 53
131 53
132 13
133 53
134 46
135 53 63
136 53
