#/Library/Python/2.7/site-packages/ipykernel/__main__.py -f /Users/joshamilton/Library/Jupyter/runtime/kernel-eded5738-04c6-4b04-b3d3-2ef89fb8ab28.json
# GMT Thu May 26 21:02:15 2016
# 
0
1
2
3
4
5
6
7
8
9
10
11
12
13
14
15
16
17
18
19
20
21
22
23
24
25
26
27
28
29
30
31
32
33
34
35
36
37
38
39
40
41
42
43
44
45
46
47
48
49
50
51
52
53
54
55
56
57
58
59
60
61
62
63
64 0 1 2 3 4 5 6 7 8 9 10 11 12 13 14 15 16 17 18 19 20 21 22 23 24 25 26 27 28 29 30 31 32 33 34 35 36 37 38 39 40 41 42 43 44 45 46 47 48 49 50 51 52 53 54 55 56 57 58 59 60 61 62 63
65 64
66 64 54
67 64
68 64 37
69 64
70 64
71 64
72 64
73 64 32
74 64 53
75 64
76 64 51
77 64
78 64 77
79 64
80 64
81 64 36
82 64
83 64
84 64
85 64
86 64
87 64
88 64
89 64
90 64 53
91 64
92 64
93 64
94 64
95 64 61
96 64 95
97 64
98 64
99 64
100 64
101 64
102 64
103 64
104 64
105
106 64 105 62
107 64
108 64
109 64
110 64
111 64
112 64
113 64 59
114 64
115 64
116 64 53
117 64
118 64
119 64 48
120 64
121 64
122 64
123 64
124 64 60
125 64
126 64 45
127 64
128 64
129 64
130 64
131 64
132 64 55
133 64
134 64
135 64
136 64
137 64 63
138 64 1
139 64 33
140 64 52
141 64
142 64
143 64
144 64
145 64 15
146 64
147 64
148 64
149 64 30
150 64
151 64
152 64 31
153 64
