#/Library/Python/2.7/site-packages/ipykernel/__main__.py -f /Users/joshamilton/Library/Jupyter/runtime/kernel-d2ab50d1-632e-442f-a3f0-7a049be4bc22.json
# GMT Fri May 13 20:46:36 2016
# 
0
1
2
3
4
5
6 5
7 6
8 7
9 8
10
11
12 10 11
13 9 12
14 13
15 14
16 5 6 7 8 9 13 14 15
17 15
18 16 17
19
20
21
22
23
24
25 24
26
27
28 25
29
30
31
32 31
33 32
34
35
36
37
38 37
39
40
41
42
43
44
45
46 40
47
48 47
49 48
50
51
52
53
54
55
56
57
58
59
60
61
62
63
64
65
66
67
68
69
70
71
72
73
74
75
76 0 1 2 3 4 18 19 20 21 22 23 25 26 27 28 29 30 31 32 33 34 35 36 37 38 39 40 41 42 43 44 45 46 49 50 51 52 53 54 55 56 57 58 59 60 61 62 63 64 65 66 67 68 69 70 71 72 73 74 75
77 76
78 76
79
80 76
81 76 70
82 72 76
83 67 76
84 76 62
85 42
86 39
87 76
88 76
89 76
90 76
91 76
92 73 76
93
94 76 93
95 76 61
96 58 76
97 76
98 76
99 66 76
100 99
101 76
102 29
103 81
104 82
105
106 24 105
107 83
108 76
109 76
110 76
111 37
112 84
113 76
114 59 76
115 76
116 64 76
117 76
118 96
119 76
120 76 79
121 120 76
122 76
123 57 76
124
125 76
126 76
127 124
128 76 127
129 76
130 76
131 76
132 76
133 76
134 76
135
136 76
137 76 54
138 137
139 76
140 76
141 76
142 76
143 76 53
144 76
145 76
146 41
147 68 76
148 76
149 76
150
151 76 150
152 90
153 74 76
154 153
155 76 135
156 123
157 76 69
158 76
159 23
160 76
161 76
162
163 162 76
164 76
165 146
166 147
167 76
168 76 63
169 168
170 90
171 76
172 76
173 143
174 130 76
175 114
176 76
177 116
178 76
179 76
180 76
181 76
182 76
183 157
184 76
185 95
186 76
187 29
188 76
189 76
190 92
191 76
192 76
