#/Library/Python/2.7/site-packages/ipykernel/__main__.py -f /Users/joshamilton/Library/Jupyter/runtime/kernel-26030804-2a20-4396-87f8-13d6e8f14be9.json
# GMT Sun May 15 17:41:19 2016
# 
0
1
2
3
4
5
6
7
8
9
10
11
12
13
14
15
16
17
18
19
20
21
22
23
24
25
26
27
28
29
30
31
32
33
34
35
36
37
38
39
40
41
42
43
44
45
46
47
48 0 1 2 3 4 5 6 7 8 9 10 11 12 13 14 15 16 17 18 19 20 21 22 23 24 25 26 27 28 29 30 31 32 33 34 35 36 37 38 39 40 41 42 43 44 45 46 47
49 48
50 48 42
51 40 48
52 48
53 48
54
55 48 54
56 48
57 48 46
58 48
59 48
60 17 21
61 48
62 48 4
63 48
64 17 19
65 17 12
66 48
67 48
68 48
69 48 68
70 48 35
71 48
72 48
73
74 48 1 28
75 48
76 48
77 48 22
78 48 37
79 17 20
80 48 73
81 48 47
82 48 36
83 48
84 48
85 48 39
86 48 24 38
87 48
88 48
89
90 48 44
91 48 89
92 48 26 27
93 48 89
94 17 10
95 32 48 24
96 17 14
97 17 15
98 24 41
99 48
