#/Library/Python/2.7/site-packages/ipykernel/__main__.py -f /Users/joshamilton/Library/Jupyter/runtime/kernel-d2ab50d1-632e-442f-a3f0-7a049be4bc22.json
# GMT Fri May 13 20:46:36 2016
# 
0
1 0
2
3
4
5
6
7 6
8
9
10
11
12
13
14
15
16
17
18
19
20
21
22
23
24
25
26
27
28
29
30
31
32
33
34
35
36
37
38
39
40
41
42
43
44
45
46
47 46
48
49
50 49
51
52
53
54 50
55
56
57
58 57
59
60 47
61 56
62 61
63
64
65 1 2 3 4 5 6 7 8 9 10 11 12 13 14 15 16 17 18 19 20 21 22 23 24 25 26 27 28 29 30 31 32 33 34 35 36 37 38 39 40 41 42 43 44 45 47 48 50 51 52 53 54 55 56 58 59 60 62 63 64
66 65
67 65
68 65 25
69 65
70 65 30
71 32 65
72 51
73 65 21
74 52
75
76 75
77 57 58 76
78 65
79 65
80
81 65
82 33 65
83
84 65 83
85 65 19
86 16 65
87 65
88 54
89 68
90 65
91 59
92 65
93 70
94 65
95 65
96 71
97
98 97 49
99 65 27
100 99
101 65
102 65
103 73
104 65
105 65
106 65
107 65 23
108 65
109 86
110 65
111 65 28
112 111
113 65
114 94
115
116 65
117 65 15
118 65
119 65
120 80 65
121 65
122 65
123 65
124 65 12
125 124
126 65
127 65
128
129 65 11
130 65
131 65
132 65
133 128 65
134 65
135 65
136 65
137
138 65 137
139 65
140 65 34
141 140
142 65
143 117
144 65 29
145 65
146 37
147 65
148 65
149 65 115
150 65
151 17 65
152 72
153 65
154 65 22
155 154
156 65
157 65
158 129
159 65 121
160 151
161
162 65 161
163 107
164 65
165 65
166 65
167 65
168 144
169 53
170 85
171 65
172 65
173 65
174 59
175 65
176 82
177 65
