#/Library/Python/2.7/site-packages/ipykernel/__main__.py -f /Users/joshamilton/Library/Jupyter/runtime/kernel-d2ab50d1-632e-442f-a3f0-7a049be4bc22.json
# GMT Fri May 13 20:46:34 2016
# 
0
1 0
2
3 2
4
5 4
6 5
7 6
8 7
9
10
11 9 10
12 8 11
13 12
14 13
15 4 5 6 7 8 12 13 14
16 14
17 16 15
18
19
20
21
22
23 22
24 23
25
26
27
28
29 28
30
31
32
33 32
34
35
36
37
38 33
39
40
41
42
43
44
45
46
47
48 47
49 48
50
51
52
53
54
55
56 1 2 3 17 18 19 20 21 24 25 26 27 29 30 31 33 34 35 36 37 38 39 40 41 42 43 44 45 46 49 50 51 52 53 54 55
57
58
59
60
61
62
63
64
65
66
67
68
69
70
71
72
73
74
75
76
77
78
79
80
81
82
83
84
85 56 57 58 59 60 61 62 63 64 65 66 67 68 69 70 71 72 73 74 75 76 77 78 79 80 81 82 83 84
86 85
87 85
88 56
89
90 85
91 80 85
92 82 85
93
94 85 77
95 34
96 72 85
97 36
98 40
99 56
100 56 85
101 85
102 56 51
103
104 85
105 99
106 83 85
107
108 107
109
110 56 109
111 85 71
112 68 85
113 85
114 56
115 38
116 76 85
117 116
118 85
119 27
120 91
121 92
122 32
123 94
124 56 85
125 56 85
126 85
127 56 85
128 96
129 85
130 56
131 69 85
132 56 85
133 74 85
134 56
135 56 130 93 47
136 112
137 56
138 56
139 85
140 56 89
141 56 140
142
143 85
144 67 85
145 56 85
146 85
147 56
148 56 108
149 56
150 56 103
151 85
152 56
153 56 85
154 56
155 85
156 64 85
157 156
158 56 85
159 56
160 56 142
161
162 56
163 85 63
164 56
165 85
166 56
167 85 78
168 56 85
169 56
170 135
171
172 56 171
173 56
174 84 85
175 174
176 144
177 85 79
178 85
179 30
180 85
181
182 56 181
183 56 85
184 95
185 85
186 167
187 56 85
188 56 73 85
189 188
190 56
191 163
192 85 151
193 131
194 56 161
195 133
196 85
197 56
198 56
199 56 50
200 177
201 56
202 111
203 56 20
204 56
205 37
206 56
207 27
208 106
209 56 85
210 56
