#/Library/Python/2.7/site-packages/ipykernel/__main__.py -f /Users/joshamilton/Library/Jupyter/runtime/kernel-d2ab50d1-632e-442f-a3f0-7a049be4bc22.json
# GMT Fri May 13 20:46:33 2016
# 
0
1
2
3 2
4 1 3
5
6 3 5
7 6
8
9
10
11 8 9 10
12 11
13
14 3 13
15 14
16 11
17 11
18 10
19
20 19 3
21 20
22
23 3 22
24 23
25 11
26
27 26 3
28 11
29 11 3
30 3 11
31 3 11
32 0 3
33 32
34 27
35
36
37 25
38 11
39
40
41 40 3
42 41
43
44 3 39
45 44
46
47 3 46
48 11
49 48
50
51 50 3
52 11
53 52
54 3 11
55
56 55
57 18
58 11
59
60 11
61
62
63 3 35
64 11
65
66 65 11
67 3 59 11
68 67
69
70 3 69
71 70
72
73
74 11
75 74
76
77 3 76
78 77
79 3 11
80 3 36
81 3 61
82 81
83 17
84 3 11
85 73 3
86 85
87 43 3
88 63
89 3 62
90 89
91 11
92
93 11
94 93
95
96 3 95
97 96
98 11
99 12
100
101 3 100
102 101
103
104 3 92
105 104
106 11 72 3
107 87
108 16
109 11 3
110 11 3
111 3 103
112 18
113 11 3
114 56 11
115 0 1 2 3 5 13 19 22 26 35 36 39 40 43 46 50 59 61 62 69 72 73 76 92 95 100 103
116 47
117 3 11
118 38
119 3 11
120 11 3
121 80
122 11
123 106
