#/Library/Python/2.7/site-packages/ipykernel/__main__.py -f /Users/joshamilton/Library/Jupyter/runtime/kernel-eded5738-04c6-4b04-b3d3-2ef89fb8ab28.json
# GMT Thu May 26 21:02:13 2016
# 
0
1
2
3
4
5
6
7
8
9
10
11
12
13
14
15
16
17
18
19
20
21
22
23
24
25
26
27
28
29
30
31
32
33
34
35
36
37
38
39
40
41
42
43
44
45
46
47
48
49 0 1 2 3 4 5 6 7 8 9 10 11 12 13 14 15 16 17 18 19 20 21 22 23 24 25 26 27 28 29 30 31 32 33 34 35 36 37 38 39 40 41 42 43 44 45 46 47 48
50 49
51 49
52 49 44
53 49 31
54
55 49 43
56 49 55
57 49
58
59 49
60 25 49
61 49
62 49
63 49 10
64 49 54
65 49
66 49
67 49
68 32 49
69 49 26
70 49
71 49
72 49
73 49
74 49
75 49
76 49
77 49
78 49
79 49
80 49 58
81 49
82 49
83 49
84 49 38
85 49 84
86 49
87 49
88 49 42
89 49
90 49
91 49 47
92 49
93 49
94 49
95 49
96 49
97 49
98 49
99 49
100 49
101 49 46
102 49
103 49
104 49
105 49 10
106 48 49
107 49
108 49 41
109 49
110 49
111 49
112 49
113 49
114 49
115 49 22
116 49
117 49 36
118 32 49 31
119 49
120 49
121 49
122 49
123 49
124 49
125 49
126 49
127 49
128 49
129 49 39
130 49
131 49
132 49
133 49 28
134 49
135 49
136 49
137 49 30
138 49
139 49
140 49 37
141 49
142 49
143 40 49
144 49
145 49 45
146 49
