#/Library/Python/2.7/site-packages/ipykernel/__main__.py -f /Users/joshamilton/Library/Jupyter/runtime/kernel-26030804-2a20-4396-87f8-13d6e8f14be9.json
# GMT Sun May 15 17:40:57 2016
# 
0
1
2
3
4
5
6
7
8
9
10
11
12
13
14
15
16
17
18
19
20
21
22
23
24
25
26
27
28
29
30
31
32
33
34
35
36
37
38
39
40
41
42
43
44
45
46
47
48 0 1 2 3 4 5 6 7 8 9 10 11 12 13 14 15 16 17 18 19 20 21 22 23 24 25 26 27 28 29 30 31 32 33 34 35 36 37 38 39 40 41 42 43 44 45 46 47
49 48
50 48
51 48 2 22
52 48
53 48
54 48 33
55 48 2
56 48 15
57 48
58 48
59 48 7
60 48 2 21
61 48
62 48
63 48
64 48 25
65 48
66 48
67 48 6
68 48 2 20
69 48
70 48 47
71 48
72 48
73 48
74 48
75 48
76 48
77 48 44
78 48
79 48
80 48
81 48
82 48
83 48 45
84 48
85 48 5
86 48
87 48
88 48
89 48
90 48
91 48 40
92 48
93 48
94 48 2
95 48
96 48
97 48
98 48
99 48 29
100 48 90
101 48
102 48 7
103 48 35
104 48
105 48 30
106 48 41
107 48
108 48
109 48
110 48
111 48
112 48 46
113 48
114 2 48 20 21 22 23
115 48 37
116 48
117 48
118 48 26
119 48
120 48
121 48
122 48
123 48 19
124 48
125 48
126 48
127 48 34
128 48
129 48
130 48 39
131 48
132 48
133 48
134 48 6
135 48 2
136 48 2 23
137 48
138 48 24
139 48 2
140 48
141 48 42
142 48
143 48 43
