#/Library/Python/2.7/site-packages/ipykernel/__main__.py -f /Users/joshamilton/Library/Jupyter/runtime/kernel-eded5738-04c6-4b04-b3d3-2ef89fb8ab28.json
# GMT Thu May 26 21:02:11 2016
# 
0
1
2
3
4
5
6
7
8
9
10
11
12
13
14
15
16
17
18
19
20
21
22
23
24
25
26
27
28
29
30
31
32
33
34
35
36
37
38
39
40
41
42
43
44
45
46
47
48
49
50
51
52
53
54
55
56 0 1 2 3 4 5 6 7 8 9 10 11 12 13 14 15 16 17 18 19 20 21 22 23 24 25 26 27 28 29 30 31 32 33 34 35 36 37 38 39 40 41 42 43 44 45 46 47 48 49 50 51 52 53 54 55
57 56
58 56 53
59 56
60 56 22
61
62 56 61 47
63
64 56
65 56
66 56
67 56
68 56 52
69 56 63
70 56
71 56
72 56 54
73 56
74 56 28
75 56
76 56 23
77 56
78 56
79 56
80 56
81 56
82 56
83 56
84 56 52
85 56
86 56
87 56
88 56
89 56 55
90 56
91 56
92 56 40
93 56 92
94 56 50
95 56
96 56
97 56
98 56
99 56
100 56
101 56
102 56
103 56
104 56
105 56
106 56
107 56
108 56
109 56 52
110 56
111 56
112 56
113 56 49
114 56
115 56
116 56
117 56
118 56 35
119 56
120 56 39
121 56
122 56
123 56
124 56
125 56
126 56
127 56 48
128 56
129 56 51
130 56 46
131 56
132 56
133 56
134 56
135 56 26
136
137 56
138 56
139 56 136
140 56
141 56 45
142 56
143 56 38
144 56
