#/Library/Python/2.7/site-packages/ipykernel/__main__.py -f /Users/joshamilton/Library/Jupyter/runtime/kernel-d2ab50d1-632e-442f-a3f0-7a049be4bc22.json
# GMT Fri May 13 20:46:01 2016
# 
0
1
2
3
4
5
6
7 5 6
8
9
10 9
11
12
13 12
14
15
16
17
18 17
19 18
20 19
21 20
22 21
23
24
25
26
27
28
29
30
31
32
33
34
35 32 33 34
36
37
38
39
40
41 40
42
43
44
45
46
47 46
48
49
50 49
51
52
53
54
55
56
57
58
59 0 1 2 3 4 6 7 8 9 10 11 13 14 15 16 17 18 19 20 21 22 23 24 25 26 27 28 29 30 31 35 36 37 38 39 41 42 43 44 45 47 48 50 51 52 53 54 55 56 57 58
60 59
61 59
62 1 2 59
63 25 59
64
65 59 23
66 59
67 53
68
69 68
70 40 41 59 69
71 59
72 59
73 58 59
74
75 59 27
76 59
77 59
78 59
79 64 59
80 59
81 59
82 28
83 59
84 59
85 59 23
86 59
87 59
88 59
89 59
90 9
91 59
92 59
93 59
94 59
95 59 45
96 59
97 59
98
99 59
100 59
101 59
102 59
103
104 59
105 1 2 59
106 105
107 59
108 28
109 74 59
110 59
111 50
112 59
113 59
114 59
115 59
116 59
117 59
118 58 59
119
120 59 119
121 59
122
123 122 59
124 59
125
126 125
127 59
128 59 3
129 59
130 59
131 59 103
132 98 59
133 59
134 59
135 59
136 59
137 59
138 59
139 59 125
140 59
141 59
142 56
143 59
144 29
145 59 37
146 59
147 59
148 59
149 59 11
150 59
151 59
152 59
153 59
154 59
155 26 59
156 59
157 59
158 59
159 59
