#/Library/Python/2.7/site-packages/ipykernel/__main__.py -f /Users/joshamilton/Library/Jupyter/runtime/kernel-26030804-2a20-4396-87f8-13d6e8f14be9.json
# GMT Sun May 15 17:40:56 2016
# 
0
1
2
3
4
5
6
7
8
9
10
11
12
13
14
15
16
17
18
19
20
21
22
23
24
25
26
27
28
29
30
31
32
33
34
35
36
37
38
39
40 39
41
42 0 1 2 3 4 5 6 7 8 9 10 11 12 13 14 15 16 17 18 19 20 21 22 23 24 25 26 27 28 29 30 31 32 33 34 35 36 37 38 40 41
43 42
44 42
45
46 42
47 42 28
48 0 42
49 42
50 42
51 42
52 42
53 42
54 42
55 42
56 42 29
57 42 11
58 42
59 42
60 41 42 9
61 42
62 42
63 42
64 42
65 42
66 42
67 42
68 42
69
70 42
71 42
72
73 72 42 45
74 42
75 42
76 42
77 42 38
78 32 42 34
79 42 69
80 42
81 42
82 42
83 42
84 42
85 42
86 33 42
87 42
88 42
89
90 42
91 89 42
92 42
93 42
94 42
95 42
96 42
97 42
98 42
99 42 85
100 42
101 42
102 42
103 42
104 42 31
105 42
106 42
107 42 23
108 40 42
109 42
110 42
111 42
112 42
113 42
114 42 36
115 42
116 42
117 42
118 42
119 42
120 42 35
121 42
122 42
123 42
124 42
125 42
126 42
127 42
128 42
129 42
130 42 30
131 42 37
132 42
133 25 42
134 42
135 42
136 42 11
137 42
138 42
139 42
140 42
