#/Library/Python/2.7/site-packages/ipykernel/__main__.py -f /Users/joshamilton/Library/Jupyter/runtime/kernel-ac9836d9-c420-42cf-89d4-236d1ff9a851.json
# GMT Mon May  9 19:40:48 2016
# 
0
1
2
3
4
5
6
7
8
9
10
11
12
13
14
15
16
17
18
19
20
21
22
23
24
25
26
27
28
29
30
31
32
33
34
35
36
37
38
39
40
41
42
43
44
45
46
47
48
49
50
51
52
53
54
55
56
57
58
59
60
61 0 1 2 3 4 5 6 7 8 9 10 11 12 13 14 15 16 17 18 19 20 21 22 23 24 25 26 27 28 29 30 31 32 33 34 35 36 37 38 39 40 41 42 43 44 45 46 47 48 49 50 51 52 53 54 55 56 57 58 59 60
62 61
63 61
64 61
65 61 23
66 61
67 61
68 61 39
69 44 61
70 61
71 4 61
72 27 61
73 61
74 18 61
75 61
76 42 61
77 61
78 61
79 17 61
80 61
81 16 61
82 61
83 10 60 61
84 61
85 61
86 61
87 61
88 61
89 61
90 61
91 57 61
92 61
93 61
94 61
95 61 5
96 58 61
97 61 15
98 61
99 61
100 61
101 61 54
102 61
103 51 61
104
105 104 61
106 61
107 61
108 61
109 61
110 8 9 61
111 61
112 61
113 61
114 61
115 61
116 34 61
117 61 102
118 61
119 4 61
120 41 61
121 61
122 33 61
123 52 61
124 61
125 20 61
126 61
127 61
128 26 61
129 61
130 24 61
131 61
132 12 61
133 61 55
134 61
135 61
136 16 25 27 61 23
137 61 47
138 61
139 61
140 43 61
141 61
142 61
143 50 61
144 61
145 61
146 61
147 19 61
148 48 61
149 61
150 61
151 61
152 40 61
153 61
154 59 61
155 61
156 17 61
157 61
158 25 61
159 61
160 61 13
161 61
162 61
163 53 61
164 61
165 56 61
