#/Library/Python/2.7/site-packages/ipykernel/__main__.py -f /Users/joshamilton/Library/Jupyter/runtime/kernel-ac9836d9-c420-42cf-89d4-236d1ff9a851.json
# GMT Mon May  9 19:40:46 2016
# 
0
1
2
3
4
5
6
7
8
9
10
11
12
13
14
15
16
17
18
19
20
21
22
23
24
25
26
27
28
29
30
31
32
33
34
35
36
37
38
39
40
41
42
43
44
45
46
47
48
49
50
51
52
53
54
55
56
57
58
59
60
61
62
63 0 1 2 3 4 5 6 7 8 9 10 11 12 13 14 15 16 17 18 19 20 21 22 23 24 25 26 27 28 29 30 31 32 33 34 35 36 37 38 39 40 41 42 43 44 45 46 47 48 49 50 51 52 53 54 55 56 57 58 59 60 61 62
64 63
65 63
66 63
67 63
68 40 63
69 63
70 63
71
72 63 71
73 63
74 63
75 63
76 59 63
77 52 63
78 63
79 63
80 63
81 63
82 54 63
83 63
84 32 63
85 63
86 63
87 24 63
88 63
89 63
90 63
91 60 14 63
92 63
93
94 93 63
95 63
96 63
97 63
98 63
99 38 63
100 63
101
102 19 63
103 63
104 50 53 63
105 63
106 63
107 18 63
108 62 63
109 58 63
110 63
111 63
112 63
113 30 63
114 101 63
115 63
116 63
117 63
118 63
119 38 63
120 63
121 63
122 48 63
123 51 63
124 61 63
125 63
126 63
127 35 63
128 112 63
129 93 63
130 44 63
131 63
132 63
133 34 63
134 63
135 63
136 63
137 63
138 101 63
139 63 55
140 37 63
141 63
142 63 71
143 63
144 63
145 63
146 46 63
147 63
148 56 63
149 63
150 63
151 45 63
152 47 63
153 63
154 63
155 63
156 63
157 63
158 43 63
159 29 63
160 5 63
161 63
162 22 63
163 63
164 39 63
165 63
166 24 63
167 37 63
168 57 63
169 63
170 63
