#/Library/Python/2.7/site-packages/ipykernel/__main__.py -f /Users/joshamilton/Library/Jupyter/runtime/kernel-d2ab50d1-632e-442f-a3f0-7a049be4bc22.json
# GMT Fri May 13 20:46:34 2016
# 
0
1
2
3
4
5
6
7
8
9
10
11
12
13
14 13
15 13
16 13
17 13
18
19
20 13
21
22 13
23
24
25
26
27
28
29
30
31
32
33
34
35 0 1 2 3 4 5 6 7 8 9 10 11 12 13 14 15 16 17 18 19 20 21 22 23 24 25 26 27 28 29 30 31 32 33 34
36
37 35 36
38 35 13
39 35 13
40 35 13 39
41 35 36
42 35 13 38
43 35
44 27 35
45 35
46 35
47
48 35 31
49 35
50 32 35
51
52 35 28
53 26 35
54 24 35
55
56 35 13
57 35 13
58 35 38 39 14 15 16 17 20 22 56 57
59 58 55
60 35
61 35
62 56 35 13
63 35
64 33 35
65 35 30
66 57 35 13 25
67 35 23
68 35 6
69 35
70 35 5
71 35 29
72 58 47
73 35 7
74 35 13
75 35
76 1 35
77 0 35
78 35 13
79 58 51
80 34 35
