#/Library/Python/2.7/site-packages/ipykernel/__main__.py -f /Users/joshamilton/Library/Jupyter/runtime/kernel-eded5738-04c6-4b04-b3d3-2ef89fb8ab28.json
# GMT Thu May 26 20:13:23 2016
# 
0
1
2
3
4
5
6
7
8
9
10
11
12
13
14
15
16
17
18
19
20
21
22
23
24
25
26
27
28
29
30
31
32
33
34
35
36
37
38
39
40
41
42
43
44
45 0 1 2 3 4 5 6 7 8 9 10 11 12 13 14 15 16 17 18 19 20 21 22 23 24 25 26 27 28 29 30 31 32 33 34 35 36 37 38 39 40 41 42 43 44
46 42 45
47 45
48
49 45
50 45
51 45
52 34 45
53 45
54 45
55 45
56 45
57 45
58 48 45
59 45 30
60 45
61 45
62 45
63 45
64 45
65 45
66 29 45
67 45
68 43 45
69 45
70 45
71 45
72 45
73 45
74 45
75 40
76 32 45
77 45
78 45
79 45
80 45
81 45 23
82 45
83 45
84 36 45
85 84 45
86 45
87 45
88 45
89 45
90 41 45
91 45
92 45
93 45
94 45
95 45
96 45
97 45
98 45 39
99 45
100 45
101 45
102 0 45
103 45
104 45
105 45
106 45
107 45
108 45
109 45
110 45
111 45
112 45
113 45 31
114 45
115 45
116 28 45
117 45
118 45 7
119 45
120 45
121 45
122 45
123 45
124 45
125 45
126 45
127 24 45
128 45
129 45
130 35 45
131 45
132 45
133 45
134 45
135 45
136 45
137 45
138 45
139 45
