#/Library/Python/2.7/site-packages/ipykernel/__main__.py -f /Users/joshamilton/Library/Jupyter/runtime/kernel-26030804-2a20-4396-87f8-13d6e8f14be9.json
# GMT Sun May 15 17:41:22 2016
# 
0
1
2
3
4
5
6
7
8
9
10
11
12
13
14
15
16
17
18
19
20
21
22
23
24
25
26
27
28
29
30
31
32
33
34
35
36
37
38
39
40
41
42
43
44
45
46 0 1 2 3 4 5 6 7 8 9 10 11 12 13 14 15 16 17 18 19 20 21 22 23 24 25 26 27 28 29 30 31 32 33 34 35 36 37 38 39 40 41 42 43 44 45
47 46
48 46
49 2 20 46
50 46
51 32 46
52 2 46
53 46
54 46
55 46 7
56 2 19 46
57 46
58 46
59 46
60 2 21 46
61 46
62 46
63 8 46
64 46
65 46
66 17 2 46
67 46
68 10 45 46
69 46
70 46
71 46
72 46
73 46
74 46
75 46
76 46
77 46
78 46
79 46
80 43 46
81
82 81 46
83 9 46
84 46
85 46
86 46
87 46
88 46
89 38 46
90 46
91 46
92 2 46
93 46
94 46
95 46
96 46
97 24 46
98 88 46
99 46
100 46 7
101 33 46
102 46
103 46 23
104 46 39
105 46
106 46
107 46
108 46
109 27 46
110 46
111 46
112 44 46
113 42 46
114 46
115 2 46 17 19 20 21
116 35 46
117 46
118 46
119 46
120 46
121 46
122 46
123 18 46
124 46
125 46
126 46
127 46 31
128 46
129 46
130 37 46
131 46
132 46
133 8 46
134 2 46
135 46
136 46
137 12 46
138 2 46
139 40 46
140 46
141 41 46
