#/Library/Python/2.7/site-packages/ipykernel/__main__.py -f /Users/joshamilton/Library/Jupyter/runtime/kernel-d2ab50d1-632e-442f-a3f0-7a049be4bc22.json
# GMT Fri May 13 20:45:59 2016
# 
0
1
2
3
4
5
6
7
8
9
10 9
11 10
12 11
13 12
14
15
16
17 16 15
18 17 13
19
20
21
22
23 22
24
25
26
27
28
29 28
30
31
32
33 32
34
35
36
37
38
39
40
41
42
43
44
45
46
47
48
49
50
51
52
53
54
55
56
57
58
59
60
61
62
63 35 62
64 63
65
66
67
68
69
70 29
71
72
73 72 71
74
75
76
77
78
79
80
81 80
82
83
84
85
86 85
87
88
89 0 1 2 3 4 5 6 7 8 9 10 11 12 13 14 18 19 20 21 22 23 24 25 26 27 28 29 30 31 32 33 34 35 36 37 38 39 40 41 42 43 44 45 46 47 48 49 50 51 52 53 54 55 56 57 58 59 60 61 64 65 66 67 68 69 70 71 72 73 74 75 76 77 78 79 81 82 83 84 86 87 88
90 0 89
91 89 42
92 91
93 89 66
94
95 89
96 89
97 56 89
98 89 58
99 89
100 89
101 89 53
102 48 89
103 89
104 89
105 89 43
106 89
107 89
108 77
109 89
110 89 59
111 89
112 89 46
113
114 113
115 89 114 26
116 89
117 89
118 89 51
119 118
120 89
121 89 61
122 89
123 97
124 89
125
126 125
127 89 126
128 89
129 89 39
130 129
131 89
132 89
133 32
134 102
135 89
136 89 44
137
138 89
139 49 89
140 89
141 89
142
143 89 142 94
144 89
145
146 145
147 89 76
148 89
149 74
150 89 137
151 89 54
152 151
153 89 68
154 89
155 89
156 89
157 89
158
159 89 38
160 89
161
162 89 158 161
163 162
164 89
165 89
166 89
167
168 98
169 89
170 89
171 89
172 89
173 68
174 70
175 101
176 89
177 89
178 82
179 89
180 89 163
181 89
182 89
183 89
184
185 184 89
186 89
187 89
188 89 60
189 188
190 79
191 89 167
192 89 55
193 89
194
195 89 194
196 1
197 89
198 89
199 89 84
200 89 146
201 89
202 177
203 89
204 89
205 89
206 136
207 89 81
208 89
209 89
210 139
211 89
212 89
213 89
214 88 89
215 105
216 192
217 112
218 89
219 89 87
220 89
221 89
222 89
223 89
224 89 61
225 89
226 67
227 159
228 89
229 110
230 89
231 89
