#/Library/Python/2.7/site-packages/ipykernel/__main__.py -f /Users/joshamilton/Library/Jupyter/runtime/kernel-d2ab50d1-632e-442f-a3f0-7a049be4bc22.json
# GMT Fri May 13 20:46:34 2016
# 
0
1
2 1
3
4
5
6
7
8
9
10
11 10
12 11
13 10 11 12
14 12
15 13 14
16
17
18
19
20
21
22 9 15 16 17 18 19 20 21
23
24 22
25 24
26
27
28
29 28
30 29
31
32
33
34
35
36
37
38
39
40 36
41 37
42
43
44 0 1 2 3 4 5 6 7 8 22 23 24 25 26 27 28 30 31 32 33 34 35 36 37 38 39 40 41 42 43
45 22
46 22
47
48 22
49 48
50 22
51 39
52 44
53 16 22
54
55 44
56 44 47
57
58 57
59 58 31
60 45
61 22
62 40
63 6
64 16 22
65 46
66 22
67
68 67 44
69 22
70 69
71 16 22
72 16 22
73 37
74 50
75 44
76 68
77
78 77 22
79 44
80 44 54
81 44
82 22
83 44
84 22
85 66
86 38
87
88 44 87
89 16 22
90 22
91 16 22
92 3
93 86
94 16 22
95 94
96 22
97 22
98 22
99 22
100 22
101 91
102 44 6
103 22
104 44
105 16 22
