#/Library/Python/2.7/site-packages/ipykernel/__main__.py -f /Users/joshamilton/Library/Jupyter/runtime/kernel-eded5738-04c6-4b04-b3d3-2ef89fb8ab28.json
# GMT Thu May 26 20:13:18 2016
# 
0
1
2
3
4
5
6
7
8
9
10
11
12
13
14
15
16
17
18
19
20
21
22
23
24
25
26
27
28
29
30
31
32
33
34
35
36
37
38
39
40
41
42
43
44
45
46
47
48
49
50
51
52
53
54
55
56
57
58 57
59
60
61
62
63
64
65
66 0 1 2 3 4 5 6 7 8 9 10 11 12 13 14 15 16 17 18 19 20 21 22 23 24 25 26 27 28 29 30 31 32 33 34 35 36 37 38 39 40 41 42 43 44 45 46 47 48 49 50 51 52 53 54 55 56 58 59 60 61 62 63 64 65
67 41 66
68 64 66
69 33 66
70 66
71 66
72 66
73 66
74 66 63
75 26 66
76 66 30
77 66
78 66
79 66 52
80 0 66
81 66 29
82 66
83 66
84 16 66
85 66
86 66 63
87 66
88 66
89 66
90 66
91 66 27
92 66
93 66 92
94 66
95 66
96 65 66 61
97 66 93
98 66
99 66
100 66 46
101 66
102 66
103 66
104 66
105 66
106 66 44
107 66
108 8 66
109 66
110 66 36
111 66
112 66
113 66 102
114 1 66
115 66 63
116 66 45
117 49 66
118 66 31
119 40 66
120 34 66
121 48 66
122 66
123 58 66
124 56 66
125 66 42
126 66
127 66 59
128 66 28
129 66 43
130 66
131 66
132 25 66
133 17 66
134 66 62
135 66 38
136 66 37
137 66
138 66 39
139 32 66
140 66 23
141 66
142 66 35
143 66
