#/Library/Python/2.7/site-packages/ipykernel/__main__.py -f /Users/joshamilton/Library/Jupyter/runtime/kernel-d2ab50d1-632e-442f-a3f0-7a049be4bc22.json
# GMT Fri May 13 20:46:34 2016
# 
0
1
2 1
3
4 3
5
6
7
8 7
9
10
11
12 11
13 12
14
15
16
17
18
19
20
21 20
22
23
24 2
25 2 4 5 6 8 9 10 13 14 15 16 17 18 19 21 22 23 24
26 0 25
27
28 27
29 28
30 29
31 30
32
33
34 32 33
35 34 31
36 35
37 36
38 35 36 37 27 28 29 30 31
39 37
40 38 39
41 40
42 25
43
44 41 43
45 21
46 45
47 24
48
49 48
50 49
51 10
52 25
53 25 18 19
54 25
55
56 48 25 55
57 6
58 25
59 25
60 25 22
61 10
62
63
64 1 63
65 25
66 25
67
68 25 67
69 45
70 25
71
72 25 60 71
73 25
74 25 62
75 56
76 16 25
77
78 25
79 25 41
80 25
81 41 77
