#/Library/Python/2.7/site-packages/ipykernel/__main__.py -f /Users/joshamilton/Library/Jupyter/runtime/kernel-26030804-2a20-4396-87f8-13d6e8f14be9.json
# GMT Sun May 15 17:41:20 2016
# 
0
1
2
3
4
5
6
7
8
9
10
11
12
13
14
15
16
17
18
19
20
21
22
23
24
25
26
27
28
29
30
31
32
33
34
35
36
37
38
39
40
41
42
43
44
45
46
47
48
49
50
51
52
53
54
55
56
57 0 1 2 3 4 5 6 7 8 9 10 11 12 13 14 15 16 17 18 19 20 21 22 23 24 25 26 27 28 29 30 31 32 33 34 35 36 37 38 39 40 41 42 43 44 45 46 47 48 49 50 51 52 53 54 55 56
58 57
59 32 57 4 29
60
61 57
62 57 3
63 57 38
64
65 64 57
66 64 57 65
67 57
68 57 4 29 31
69 57 30
70 57 42
71 57 26
72 57 43
73 16 57
74 57
75 57 4 29 33
76 57 45
77 0 57
78 57
79 57
80 57 79
81 57 4 29 25
82 57
83
84 57 83
85 57 83 84
86 57
87 57
88 57
89 57
90
91 57
92 57 23
93 57 35
94 57 4 29
95 57
96 57
97
98 57 97
99 57 28 79
100 57 90
101 84 57 98 100 65
102 57
103 57
104 57 4 29
105 57 17 7
106 57
107 57
108 57 39
109 57
110 57
111 57
112 57 111
113 56 57 1
114 57 21
115 40 57
116 57 27
117 57 13 111
118 57 34
119 57
120 57 90 100
121 57 6
122 57 41
123 57 60
124 32 33 4 57 25 29 31
125 57 46
126 57 49
127 57
128 24 57
129 57 55
130 57 44
131 57 20
132 57 4
133 57 98 97
134 57 4 29
135 57 2
