#/Library/Python/2.7/site-packages/ipykernel/__main__.py -f /Users/joshamilton/Library/Jupyter/runtime/kernel-26030804-2a20-4396-87f8-13d6e8f14be9.json
# GMT Sun May 15 17:41:22 2016
# 
0
1
2
3
4
5
6
7
8
9
10
11
12
13
14
15
16
17
18
19
20
21
22
23
24
25
26
27
28
29
30
31
32
33
34
35
36
37
38
39
40
41
42
43
44
45
46
47
48
49
50
51
52
53
54
55
56
57
58
59
60
61
62
63
64
65
66
67
68
69
70
71
72
73
74
75 0 1 2 3 4 5 6 7 8 9 10 11 12 13 14 15 16 17 18 19 20 21 22 23 24 25 26 27 28 29 30 31 32 33 34 35 36 37 38 39 40 41 42 43 44 45 46 47 48 49 50 51 52 53 54 55 56 57 58 59 60 61 62 63 64 65 66 67 68 69 70 71 72 73 74
76 0 75
77 75 5
78 75 29
79 75
80 75
81 75
82 75
83 75
84 75
85 75
86 75 63
87 75
88 75 71
89 41 75
90 75
91 75
92 75
93 75
94 75
95 75 30
96 75
97 75 62
98 75
99 75
100 75 15
101 75 61
102 75 28
103 75 3
104 75
105 75 43
106 75
107 75
108 75 45
109 75 68
110 75
111 75
112 56 75
113 75
114 75
115 50 75
116 75 6
117 75
118 75
119 75 47
120 75
121 75
122 49 75
123 75
124 75
125 75
126 75 51
127 32 75
128 75
129 75
130 75
131 75 63
132 75
133 40 75
134 58 75
135 72 75
136 75 44
137 75
138 75 60
139 74 75
140 75 46
141 42 75
142 75
143 73 75
144 75 28 29 30
145 75
146 75 55
147 75
148 75
149 75
150 75
151 75 52
152 74 75
153 75
154 75
155 27 75
156 75 59
157 75
158 75
159 57 75
160 19 75
161 75 54
162 75
163 75
164 75 53
165 75
166 75
167 75 15
168 75
169 75
170 75
171 48 75
172 75
