#/Library/Python/2.7/site-packages/ipykernel/__main__.py -f /Users/joshamilton/Library/Jupyter/runtime/kernel-d2ab50d1-632e-442f-a3f0-7a049be4bc22.json
# GMT Fri May 13 20:46:00 2016
# 
0
1
2
3
4
5
6 0 1 2 3 4 5
7
8
9
10
11
12
13
14
15
16
17
18
19
20
21
22
23 6 7 8 9 10 11 12 13 14 15 16 17 18 19 20 21 22
24 21
25 15
26 0 6
27 26
28
29 28
30 28 29
31
32
33
34
35
36
37 36
38 32 33 34 3 37 6 35 27 30 31
39
40 6 39
41
42 40 41 6 39
43 7
44 26
45 44
46
47
48 23 47
49
50 24 6
51 9
52 5 6
53 52 46
54
55 8
56 6 55
57 13
58 57 6
59 23
60 34 35 38 6
61 14
62 61 6
63 17 12
64 38
65 49 6
66 38
67
68 11
69 68 6
70 17 10
71
72 45 6 71
73 37
74 30 31
75
76 71
77
78 18
79 40 73 45 6 39
80 2 67 6
81 17 19
82 33
83
84 83 6
85 17 20
86 43 6
87 25 6
88 54 23
89 17 21
90 51 6
91 17 15
92 17 14
93 77 38
94 75 6
95 78 6
