#/Library/Python/2.7/site-packages/ipykernel/__main__.py -f /Users/joshamilton/Library/Jupyter/runtime/kernel-d2ab50d1-632e-442f-a3f0-7a049be4bc22.json
# GMT Fri May 13 20:46:37 2016
# 
0
1
2
3
4
5
6
7 6
8 7
9
10
11
12
13
14
15
16
17
18
19 18
20
21
22 21
23
24
25
26
27
28 27
29 28
30
31
32
33
34
35
36
37
38 37
39
40 0 1 2 3 4 5 8 9 10 11 12 13 14 15 16 17 19 20 22 23 24 25 26 29 30 31 32 33 34 35 36 38 39
41 40
42 40
43 40 41
44 40
45 43
46 45
47 40 33
48
49 40
50
51 40
52 51
53 48
54 53
55 54
56 55
57 56
58 57 52
59
60 40 32
61 40
62 61
63 40
64 25
65
66 40 65
67 40 0
68 40
69 68
70 46
71 70
72 71
73
74 72 73
75 40 36
76 40
77
78 40 59
79
80 79
81 80 37 38
82 42
83 40 0
84 49
85 40
86 40
87 48 51 52 53 54 55 56 57 58
88 40 34
89 77 6
90 40 0
91 0 40
92 63
93 40
94 19
95 26
96
97 41
98 40 35
99 40
100 59
101 50 87
102 101
103 40
104 86
105 76
106 40
107 96 40
108
109 40 108
110 40 0
111 4
112 74
113 40
114 113
115 0 40
116 115
117 7
118
119 40 118
120 43
121 110
122 40
123 40
124 40
125 58
126 39
127 40 23
128 0 40
129 14
130 40
