#/Library/Python/2.7/site-packages/ipykernel/__main__.py -f /Users/joshamilton/Library/Jupyter/runtime/kernel-d2ab50d1-632e-442f-a3f0-7a049be4bc22.json
# GMT Fri May 13 20:46:37 2016
# 
0
1
2
3 2
4
5
6
7
8
9
10
11
12
13
14
15
16
17
18
19
20
21
22
23 22
24 23
25 24
26 25
27
28
29 27 28
30 26 29
31
32
33
34
35
36
37
38 37
39
40 0 1 3 4 5 6 7 8 9 10 11 12 13 14 15 16 17 18 19 20 21 22 23 24 25 26 30 31 32 33 34 35 36 38 39
41
42
43 42
44 41 43
45 44
46
47 40 2 12 37 46
48
49 40
50
51 50 43
52 51
53 40
54
55 40
56
57 56 43
58 40
59 58
60 43 54
61 40
62
63 43 62
64
65 64 43
66
67
68
69
70 43 69
71
72 43 71
73 32
74 13
75 40
76 40 20
77 40 43
78 40
79 40
80 40
81
82 81 43
83 82
84
85 43 68
86 66 43
87 86
88
89
90
91
92
93
94
95
96
97
98
99 41 42 43 48 50 54 56 62 64 66 67 68 69 71 81 84 88 89 90 91 92 93 94 95 96 97 98
100
101 40 100 46
102 67 43
103 40
104 49
105 96 43
106 57
107 40 43
108 55
109 40
110 60
111 63
112 65
113 40 43
114 40 43
115 72
116
117 40 43
118 70
119 61
120 40
121 34 36
122 21
123 89 43
124 91 43
125 40 43
126
127 40
128
129 40 128 126
130 129
131 40
132 40 43
133 40 90 43
134 133
135 97 43
136 53
137 88 43
138 137
139 46
140 43 95
141 40 43
142 40
143 40 9 10
144 48 43
145 40
146 109
147 40 116
148 35
149 40 130
150 40 33
151 40 43
152 40
153 40
154
155 40 154 116
156 40
157 40
158 98 43
159 158
160 31
161 124
162 43 84
163 123
164 5
165 40
166 165
167 40 43
168 43 92
169 40
170 135
171 40 43
172 40 43 94
173 172
174 43 93
175 40
176 144
177 168
178 79
179 40
180 40
181 40
182 157
183 162
184 40 15
185 40 1
186 102
187 12
188 85
189 40 43
