#/Library/Python/2.7/site-packages/ipykernel/__main__.py -f /Users/joshamilton/Library/Jupyter/runtime/kernel-26030804-2a20-4396-87f8-13d6e8f14be9.json
# GMT Sun May 15 17:41:23 2016
# 
0
1
2
3
4
5
6
7
8
9
10
11
12
13
14
15
16
17
18
19
20
21
22
23
24
25
26
27
28
29
30
31
32
33
34
35
36
37
38
39
40
41
42
43
44
45
46
47
48
49 0 1 2 3 4 5 6 7 8 9 10 11 12 13 14 15 16 17 18 19 20 21 22 23 24 25 26 27 28 29 30 31 32 33 34 35 36 37 38 39 40 41 42 43 44 45 46 47 48
50 49
51 49
52 49
53 49 2
54 49 42
55 49
56 49
57 49
58 16 49
59 49
60 49 46
61 49
62 49
63 49 44
64 49
65 17 49
66 49
67 49
68 49
69 49
70 49
71 49
72 49
73
74 49
75 49
76 49
77 49 10
78 49
79 49 34
80 49
81 49 45
82 49
83 49
84 49
85 49
86 49
87 17 49
88 49
89 49
90 49
91 49 35
92 49
93 49
94 49
95 49
96 49 12 33 73
97 49
98 49
99 49
100 49
101 49
102 49 90
103 49
104 49
105 49
106 16 49
107 49 43
108 49
109 49
110 32 49
111 49
112 49
113 49
114 49
115 49 47
116 49
117 49
118 49 38
119 49
120 49
121 49
122 49
123 49
124 49
125 49
126 49
127 49
128 49 37
129 49 36
130 49
131 49
132 49
133 49
134 49
135 49
136 49
137 48 49 28
138 49 41
139 49
140 49 10 7
141 49
142 49 30
143 49
144 49
145 49
146 49
147 49
148 49
